2 366
6 297
1 47
46 25
46 25
1 453
1 70
1 704
2 46
6 297
1 327
1 275
2 55
1 129
1 323
2 39
1 300
6 20
2 300
4 372
1 101
2 39
1 322
1 245
1 132
1 150
1 124
1 161
4 42
1 40
9 24
1 69
14 156
1 322
1 146
1 243
1 376
1 275
1 376
1 87
1 103
2 111
1 63
1 12
1 194
4 193
1 60
2 111
6 20
2 55
1 225
1 47
1 462
1 478
1 134
4 193
1 667
1 103
1 40
1 12
4 20
3 108
4 721
1 151
2 32
1 235
1 275
1 404
1 152
2 510
2 12
4 42
1 69
1 132
1 478
1 47
1 35
1 161
1 323
1 152
32 25
1 69
1 69
1 306
1 300
1 132
1 70
1 242
46 25
1 230
1 150
1 40
1 60
1 63
1 171
1 12
1 462
1 171
2 9
1 175
2 150
2 12
3 104
1 63
1 225
1 225
1 175
2 39
1 25
1 144
1 25
1 129
1 88
1 183
1 211
2 300
1 144
9 328
2 46
1 312
2 323
3 104
1 235
3 108
2 478
1 54
4 721
1 103
1 90
2 9
1 151
1 46
1 322
1 150
2 227
4 372
1 300
1 194
2 55
1 404
1 194
1 312
1 478
1 90
1 35
1 183
2 39
2 266
1 235
1 90
4 20
1 1
1 220
1 667
2 266
1 103
1 266
2 46
1 35
1 300
2 227
1 230
1 47
1 220
2 546
1 704
2 55
1 322
1 161
1 312
1 194
1 323
1 144
1 183
1 150
2 46
9 328
1 12
1 266
1 12
46 25
2 546
1 1
2 176
1 124
2 46
1 1
2 39
1 376
1 275
1 151
9 24
1 376
4 42
1 35
2 9
1 92
1 211
1 220
2 39
1 225
1 146
2 46
1 144
1 287
2 176
9 328
2 266
1 306
6 297
1 25
1 327
2 227
1 453
1 103
1 1
1 312
32 25
1 453
1 1
1 211
9 328
1 243
1 70
4 372
1 344
2 150
1 275
1 404
2 12
46 25
1 44
1 327
1 12
2 39
1 171
1 161
1 40
1 1
1 312
1 171
4 193
1 667
1 44
4 721
14 156
1 146
6 20
1 227
1 306
1 667
1 306
1 242
1 150
2 546
1 323
1 69
1 69
1 175
1 150
9 328
1 85
1 92
2 39
4 193
1 453
2 510
1 161
1 101
1 235
2 478
1 88
1 462
2 510
1 183
1 70
1 266
1 667
1 103
1 146
2 39
4 721
1 35
4 61
1 287
2 227
1 510
2 323
1 25
1 243
9 24
1 667
1 220
1 46
1 55
1 44
1 175
1 227
2 323
1 92
1 150
1 220
1 47
9 328
2 150
1 151
1 47
1 1
2 55
1 90
2 227
1 478
1 462
2 82
1 245
4 372
4 721
1 322
14 156
1 47
9 328
1 25
4 42
1 220
1 478
6 20
1 462
1 54
1 40
1 175
2 323
1 55
1 175
2 227
2 366
1 1
1 85
1 344
1 194
1 124
1 266
2 82
1 54
1 171
1 478
2 32
1 287
6 297
1 366
6 20
2 111
1 327
2 9
1 704
1 88
1 243
1 150
1 151
1 171
1 70
1 129
1 225
1 40
1 144
3 104
1 667
1 103
2 510
1 150
2 323
1 101
1 235
1 103
1 132
4 372
2 111
1 323
2 9
1 510
4 372
1 46
4 20
1 88
1 667
14 156
1 366
2 510
14 156
1 54
1 144
4 61
1 88
1 412
2 176
2 12
1 404
1 1
2 300
4 42
1 245
14 156
1 227
1 55
1 510
1 266
2 12
1 101
14 156
1 161
1 101
2 111
1 327
2 55
1 211
1 275
1 412
1 220
1 70
2 111
4 372
1 322
1 404
1 230
1 85
1 134
2 323
2 300
1 235
4 721
1 245
32 25
1 47
9 24
2 227
2 546
2 39
1 146
1 300
1 230
1 37
1 111
2 300
1 287
1 129
1 327
1 366
14 156
2 510
4 42
1 40
1 134
1 225
2 478
1 230
2 510
1 366
1 235
1 46
1 245
1 144
1 376
2 32
1 376
2 39
1 366
1 220
2 46
1 175
1 211
1 103
1 312
1 150
1 60
1 150
1 242
2 323
1 111
1 161
1 25
1 103
1 704
4 372
2 150
1 152
3 108
1 54
2 39
6 297
1 227
2 12
3 104
1 101
1 235
1 54
6 297
1 63
1 404
1 275
1 175
32 25
1 323
1 225
1 194
1 227
2 176
1 47
1 171
4 721
1 227
2 176
1 266
1 60
1 63
1 323
1 312
1 366
1 150
1 92
1 704
2 323
1 44
2 510
1 63
1 194
1 220
1 150
1 306
1 90
9 24
1 144
1 312
1 300
1 404
1 60
1 235
2 478
1 478
1 366
1 55
1 88
2 39
1 366
1 92
1 323
1 69
1 129
1 92
1 40
2 510
9 328
1 227
1 171
2 176
1 242
1 37
1 242
2 9
1 92
1 150
2 12
1 55
1 183
1 152
1 287
2 510
1 175
1 88
2 9
2 478
2 150
1 312
1 275
2 9
1 344
2 300
1 510
2 366
2 227
4 20
1 462
9 24
1 327
1 171
2 176
2 55
1 275
3 104
9 328
1 376
1 87
4 721
2 39
2 227
1 70
4 20
1 344
1 453
2 9
1 667
3 108
1 111
1 344
1 344
1 151
1 90
2 478
2 82
1 275
1 25
1 327
1 376
2 227
1 245
1 235
1 37
1 245
1 510
1 70
1 88
1 103
1 54
2 32
1 101
2 478
2 32
1 230
2 55
1 40
1 453
1 90
1 151
1 146
2 111
1 63
4 42
1 40
1 1
1 242
1 300
1 87
6 20
2 9
1 92
1 69
6 297
1 225
4 193
1 25
1 366
32 25
2 12
1 111
1 412
2 150
3 104
1 129
1 54
1 44
1 60
1 144
4 42
46 25
1 242
1 323
1 171
4 20
1 243
2 300
4 721
4 42
1 129
2 9
1 220
1 150
2 227
1 146
3 104
2 32
1 44
1 63
4 193
1 412
2 39
1 90
1 266
3 104
2 227
14 156
1 87
2 300
1 323
1 327
1 88
1 144
3 104
1 183
32 25
1 287
1 183
1 46
1 63
1 101
1 266
1 144
4 20
1 220
1 103
9 328
1 462
32 25
1 132
1 478
1 275
2 176
1 404
4 20
1 44
1 150
1 211
1 510
1 211
1 134
1 175
1 161
1 404
1 124
1 161
1 152
1 132
1 243
1 183
4 20
2 82
1 704
1 404
2 266
2 55
1 35
1 101
2 366
1 312
1 245
46 71
2 546
1 124
3 108
1 146
2 546
1 300
1 144
1 667
32 25
1 245
1 46
1 40
1 151
1 44
1 344
46 25
4 20
1 37
1 111
2 546
1 144
1 132
1 327
32 25
1 146
1 344
14 156
1 235
1 275
1 1
2 266
2 111
1 312
1 35
4 20
2 227
1 54
2 55
1 412
1 90
1 242
1 235
1 667
1 220
1 344
1 12
1 152
1 225
1 171
1 146
1 175
2 366
1 144
1 54
1 412
1 144
2 32
1 151
1 404
1 235
2 39
1 323
1 227
1 124
2 9
1 462
2 82
2 266
2 46
4 193
1 146
2 227
1 150
6 297
1 150
1 44
1 306
4 372
1 44
1 175
1 161
4 61
1 327
1 85
1 124
1 242
32 25
6 297
1 150
1 54
1 37
2 46
1 171
1 55
4 61
1 225
1 171
1 704
1 54
1 1
2 111
2 510
1 111
2 9
4 372
1 478
2 111
2 55
1 129
4 193
1 129
2 366
1 144
2 478
2 176
2 176
1 183
1 235
2 32
1 510
1 69
1 510
2 266
2 478
1 323
2 227
1 55
2 366
6 20
1 124
1 132
2 32
1 146
1 132
2 39
2 176
2 510
2 32
1 227
2 32
1 111
1 175
2 55
1 103
1 69
1 88
1 40
1 312
1 235
1 144
4 372
1 704
4 20
1 150
2 478
1 211
1 306
1 150
1 266
1 60
1 44
1 55
1 243
1 376
1 63
1 306
1 60
2 46
1 245
1 227
1 344
1 245
4 193
1 245
1 129
4 61
3 108
1 47
1 323
1 132
2 546
2 176
2 55
1 152
2 46
1 225
1 242
1 88
1 37
1 478
1 211
2 55
2 55
