518 138
883 61
28485 2
299 122
276 66
565 5
291 168
44220 1
12535 6
353 88
54 220
1353 48
6100 14
10549 1
18971 2
687 117
1181 53
5381 4
841 106
38 61
660 77
1210 39
2149 11
164 80
510 20
9042 26
2200 19
8226 2
347 32
5724 8
4165 15
1183 22
29208 1
3948 15
288 298
369 103
4527 6
9853 1
1659 4
34083 1
553 145
38917 1
1026 84
1577 3
29362 1
24778 1
14477 2
352 219
163 130
1007 26
742 89
3182 35
163 124
13175 2
3164 6
30012 1
233 89
19 63
1635 8
2237 1
16775 1
2033 19
5 60
212 237
288 234
18161 1
4 220
4444 35
43506 2
36594 1
33968 1
164 230
3616 8
31425 5
26798 1
165 25
24639 2
30618 1
1089 74
15263 1
6709 6
9411 4
39060 1
287 147
687 21
37369 2
9467 4
4397 8
4815 12
142 147
9 111
287 144
2601 8
176 150
1950 78
47598 1
34708 4
33601 1
1583 66
734 56
127 25
110 145
264 192
30093 2
5589 15
650 41
1197 26
861 230
3269 4
1007 26
1125 9
1089 75
1841 35
288 232
39333 2
1240 106
46783 1
1250 12
23573 1
5547 25
88 82
25629 3
1532 24
584 152
8790 5
1902 21
2150 64
1755 21
593 205
3934 18
1475 58
27957 3
2692 9
7633 9
4262 21
699 94
5220 9
6827 3
212 234
1108 4
40761 1
8 88
15399 5
94 332
2045 5
49 143
6389 8
8843 4
2148 15
46 302
163 129
1556 26
336 155
4323 14
8159 1
8308 9
18287 2
310 214
4883 24
14657 1
19597 1
248 88
23 152
25205 1
35 104
43207 2
119 42
6281 9
16559 3
14 165
374 153
658 101
42727 1
729 6
1544 14
19394 1
1117 73
699 93
41286 1
22944 1
370 92
24311 2
3755 6
585 22
20007 2
23 133
453 104
7281 4
1841 3
7759 4
875 95
2653 1
7493 4
352 217
1298 7
7723 1
99 86
3612 21
1237 65
3796 2
521 17
3471 5
39890 2
180 38
3656 24
54 223
2630 4
22490 2
33892 1
18601 1
23271 4
198 239
3450 8
50 21
851 54
2598 32
48076 2
6511 11
30779 1
2778 7
24047 1
313 43
4067 5
10721 3
164 235
4608 14
1297 14
16982 2
2140 24
3259 12
34077 1
691 133
107 96
1986 29
12577 1
12148 4
57 11
357 132
22817 1
29634 1
623 34
946 65
155 145
330 85
212 227
34941 1
113 144
13014 2
3777 14
127 94
32541 2
138 128
479 42
12299 5
608 42
1257 28
691 127
466 199
553 141
1229 79
11404 11
1117 134
4444 35
236 79
946 64
13150 4
100 218
20588 1
1757 33
371 8
1570 17
2506 1
8778 2
1086 86
813 58
960 59
135 227
2255 34
74 300
7732 1
771 51
3710 10
1530 24
8607 17
36301 1
5039 27
3404 31
24232 1
742 92
1127 59
496 5
24 22
551 33
5586 12
20892 1
71 147
7324 1
773 49
6498 3
34905 1
1899 91
960 58
1086 88
74 306
32390 1
43 229
113 35
683 68
112 71
357 128
26858 2
1472 59
49487 1
160 135
1351 7
6920 7
5882 5
18774 2
5556 5
3363 30
4334 3
96 96
1324 10
980 38
17390 7
352 209
6599 17
4314 4
27284 1
33908 1
12836 2
127 91
45903 1
5421 7
2033 9
1181 56
3077 3
329 16
178 83
232 61
3481 46
30705 1
19607 1
16711 7
7096 14
69 54
2073 35
7221 6
223 8
42 104
35047 1
7238 21
37273 1
3363 31
904 6
493 30
661 16
11357 1
214 33
17965 2
370 92
1038 93
35405 1
32243 1
3993 1
116 141
42375 1
96 88
519 131
20319 2
3269 2
162 151
1203 61
231 95
541 133
1224 45
11043 4
328 124
2962 3
3787 21
9235 10
4703 30
20817 1
2809 57
677 2
1748 17
437 110
109 60
4733 25
622 71
14401 3
2523 4
6347 6
61 107
46 303
553 150
116 146
14911 1
21377 1
212 222
5256 35
21030 2
1856 6
4259 9
257 34
593 200
94 353
14931 1
1900 11
22326 1
27446 4
141 2
2888 1
344 22
127 162
18761 6
276 5
536 16
275 143
16321 7
25047 3
44239 1
2008 3
2577 10
1067 150
742 93
2424 4
2152 1
692 24
813 27
20904 3
848 58
982 56
1956 71
727 25
5432 9
4904 1
32873 2
13169 5
723 93
3867 41
276 65
17121 1
5548 1
150 186
182 108
3120 4
11845 14
164 82
2823 6
119 43
29574 1
715 22
247 101
4723 15
27 61
4755 8
2338 23
1224 47
22099 3
107 98
25070 6
45566 2
49 57
313 42
4194 8
201 61
6055 1
931 98
21338 1
6684 3
1148 43
25525 2
37325 1
535 5
8 82
1072 23
3015 32
461 107
844 135
12817 1
4971 26
519 131
386 92
1000 78
29292 1
204 63
1688 15
8940 5
3424 10
63 51
1257 9
10101 4
1251 24
4110 7
1364 92
328 125
27907 1
40544 1
71 149
16863 1
357 128
0 40
681 81
1800 34
16547 14
15533 4
63 51
9 55
688 135
33285 1
1583 69
41419 1
6328 4
310 213
212 232
542 2
460 64
6056 7
365 67
28593 1
147 4
437 138
37529 1
291 37
480 5
5497 3
6168 4
11182 1
353 88
30496 1
45022 1
44670 1
178 86
1536 28
353 89
212 226
850 44
25283 4
18670 2
2200 15
71 148
8548 11
4292 26
15663 17
421 46
1000 46
41299 1
734 62
26286 1
24 96
5904 33
100 213
19 68
485 80
93 80
352 30
1196 80
960 59
546 21
2347 6
310 214
36327 1
841 102
548 67
5322 5
1417 10
31 108
355 132
127 29
278 8
5097 9
304 166
166 52
22522 2
8766 2
41427 1
2606 25
96 126
10653 6
2319 23
1236 46
164 82
4502 15
39741 1
2073 36
44770 1
7645 8
8114 2
454 49
1586 37
86 185
299 124
4028 4
21078 2
1104 6
712 18
3403 9
1400 8
28312 1
1433 16
9957 1
2854 2
30735 2
29097 1
46129 2
9172 5
257 133
39896 1
2139 38
4550 6
1401 109
352 212
8752 6
9041 7
2 105
41068 1
929 47
14413 4
29015 1
528 79
804 24
43378 1
1463 55
972 3
8752 6
354 68
365 69
5924 3
2935 31
21290 8
1453 41
21289 2
1031 95
11231 5
8483 16
819 89
4 212
14222 4
9935 3
316 161
6411 8
775 44
2942 25
5081 8
1800 36
964 18
268 146
15230 3
16271 7
14163 3
3220 7
1736 38
39110 1
25022 1
23672 1
39982 1
948 52
469 61
20058 1
1038 92
287 143
1106 86
524 54
9059 8
23 150
1054 35
37651 1
23692 2
8446 5
4267 50
224 84
9582 1
6 55
41207 1
385 20
1152 63
110 148
198 235
21487 2
356 217
37554 1
7730 2
10839 5
5432 9
30740 1
249 37
16069 7
1247 5
2758 89
4021 2
1115 36
8484 12
622 71
274 79
12626 4
9974 4
3750 32
5977 2
9863 7
10379 9
1089 75
24236 1
404 2
198 231
34479 1
24534 3
1646 62
8630 20
3424 10
1419 5
497 64
1106 89
3743 12
15635 2
3478 14
608 43
613 22
11297 1
1233 40
311 165
1693 38
27185 2
376 106
365 69
23 152
166 58
1398 15
13201 3
1572 67
1800 17
257 34
174 82
818 51
61 113
2311 4
28484 3
208 9
6 39
15328 2
13314 5
14894 7
1298 27
42986 1
913 10
43 226
445 145
81 16
1186 3
8606 12
554 60
16160 2
1474 2
1732 32
771 87
1791 13
1038 92
550 90
565 195
11042 2
961 3
47491 1
501 142
32522 2
17398 2
1841 38
16425 1
5288 9
835 91
2404 29
104 89
1490 27
37978 2
7996 11
47 49
61 110
3026 23
112 70
155 63
291 171
1458 12
813 58
16722 1
55 231
11035 3
4759 26
14301 4
549 2
591 47
8332 1
4659 15
21822 3
212 222
287 144
5867 7
33463 2
2387 92
3264 2
2 101
2539 8
875 98
1331 7
392 10
234 47
3271 8
1656 3
1687 28
71 157
929 43
12458 3
408 53
338 39
311 163
5021 15
7 144
10777 19
875 97
43011 1
35896 1
6381 26
30933 1
369 104
6403 17
14972 2
2796 1
21657 2
12174 3
33390 1
10684 7
437 87
248 87
10647 2
398 94
19 66
16 320
2772 6
1899 43
16652 2
654 39
7374 8
184 103
484 93
48917 1
144 72
1684 60
329 16
17054 2
3705 2
5610 17
37821 1
13578 7
115 33
138 6
6967 1
16831 1
19 66
91 28
25 102
873 30
25093 1
27 63
14693 12
3182 35
35 99
19683 1
1218 29
22898 1
1273 109
10811 16
15453 7
46 300
20477 2
747 99
4234 5
3638 12
3638 7
6747 3
176 145
1284 37
9 111
37943 1
9577 1
22992 2
16056 2
1224 47
872 10
1921 6
172 6
7122 17
695 16
525 194
43405 1
469 60
164 68
501 140
201 12
74 445
7524 9
7491 12
357 19
408 30
4934 8
6728 5
17825 1
881 85
65 100
7644 1
178 86
6371 3
9354 12
1532 12
34081 4
65 100
363 106
3294 8
8 23
232 28
2475 15
5792 2
15380 1
5867 8
27 60
200 9
9612 7
7277 12
71 148
311 163
12785 13
1230 30
3987 2
352 217
246 53
14 122
7174 11
32402 1
1797 36
141 61
2348 3
4 214
4849 4
8593 3
11053 1
5155 8
10023 3
200 15
12867 2
42772 1
7351 1
311 163
1953 16
1180 14
835 93
249 40
1335 23
3519 15
246 53
212 224
1038 86
3898 4
100 212
142 144
310 42
291 171
6520 29
2855 14
33905 1
13058 2
8286 1
1401 108
24727 1
9329 1
1642 39
6583 5
310 218
5461 8
2956 1
163 131
42391 1
1089 75
22989 2
48179 1
10881 1
960 11
14477 1
354 61
1738 6
622 73
47012 1
18545 7
25344 3
1364 94
71 147
16 331
23437 1
61 107
7354 9
9899 5
164 235
99 16
386 92
155 61
105 6
1144 17
5889 1
453 102
2338 22
3363 32
1736 36
44905 2
11197 4
641 2
782 136
4004 4
681 81
20085 2
1528 1
4197 10
3934 23
1701 86
317 104
1237 67
2966 39
28772 3
316 162
14381 2
18166 3
336 148
1229 77
2728 4
39219 1
40777 1
225 34
33214 2
198 231
37145 1
26221 1
576 37
22570 4
14098 3
44992 1
2360 27
2689 21
4519 2
5904 17
1163 26
1468 1
1896 9
7086 9
188 58
935 2
6820 1
35848 1
22439 1
6005 6
27709 1
135 223
4 214
86 89
201 58
168 141
28301 1
86 88
16227 3
5724 3
29076 1
1299 128
19073 1
4973 3
861 225
965 3
1038 93
2117 51
8222 2
1169 20
52 22
866 44
23787 8
162 124
4414 15
225 37
369 101
13303 3
54 216
47342 2
1374 104
237 95
138 131
45 46
43056 1
2019 9
2310 15
865 77
1049 50
1043 40
86 188
1003 80
29922 2
2073 22
30721 2
33743 1
496 16
3041 32
299 122
2373 3
5107 3
19810 1
12064 1
9348 3
4 208
8778 2
974 3
28336 1
164 233
311 85
643 8
328 125
2412 2
1229 77
29545 1
1875 124
627 50
1849 25
3767 49
18622 1
2474 52
6718 22
541 138
1899 79
16139 5
848 59
20751 3
24574 2
850 51
25761 1
247 38
5249 15
24414 2
38536 1
38856 1
297 1
40640 1
4832 8
20070 4
2195 48
1864 9
1997 14
967 60
310 212
15233 2
45295 1
6227 16
241 61
1195 112
388 75
235 27
9212 1
2500 13
1096 6
1237 66
99 85
16653 3
1583 68
6751 5
48125 1
288 313
6525 6
310 203
369 96
914 18
3016 1
70 35
593 208
27880 1
1701 86
24353 1
553 147
2910 4
310 211
49 144
23436 2
2073 36
186 13
174 81
54 221
44670 1
1943 6
36508 3
264 193
37561 1
7259 1
2642 2
572 29
14578 1
26722 1
46651 1
61 108
1770 35
11846 1
453 101
166 58
78 52
150 152
96 126
6255 6
1207 23
1314 27
21078 2
25426 5
29915 1
14860 5
30040 1
19896 1
835 91
5649 29
483 22
7076 7
484 4
276 16
30691 1
3100 10
254 44
592 2
150 240
30111 1
45618 1
237 91
5247 2
371 14
1067 150
875 91
3639 5
21507 1
35150 1
1701 85
8903 3
21950 3
94 330
5793 14
727 13
476 26
6547 21
1429 22
1229 79
3230 15
2716 1
241 48
5317 1
43270 1
35434 1
17912 1
2996 9
131 58
19644 4
2222 3
2830 31
18583 1
18734 4
164 230
299 125
30557 1
20027 2
22469 2
112 71
55 231
7610 3
1420 23
2028 11
29404 2
3806 4
18435 1
518 140
7910 8
1140 63
13072 17
355 135
2096 9
16 326
1105 8
5762 10
2591 16
620 87
3780 2
9669 4
2966 39
46071 1
278 89
387 23
386 92
25244 1
12045 1
1000 77
155 146
434 1
3039 7
19046 3
7360 11
1163 26
7625 2
352 224
211 34
1049 51
336 144
1413 37
3445 6
55 229
3246 14
3386 18
875 96
264 195
291 147
8612 9
900 53
861 221
95 39
1249 27
7720 3
12188 9
1341 1
304 170
2268 6
200 27
231 91
37672 1
176 147
5703 14
16910 2
3906 7
1586 36
12866 8
309 5
4711 1
4317 30
829 35
9465 1
25718 2
41563 1
762 23
2160 1
1275 33
1583 68
945 9
2007 1
14860 5
46754 1
10712 3
19010 3
11308 5
49535 1
6432 17
134 58
3729 7
2205 15
1152 61
4904 12
1229 76
1507 1
1594 1
582 73
22548 1
1231 31
6227 7
4950 1
7719 16
10129 5
54 213
6062 3
2318 28
17907 3
18227 3
4393 17
437 139
27261 1
277 48
22635 1
836 32
9038 1
1514 20
867 67
264 195
475 35
2308 49
811 68
3294 14
1174 38
4613 1
4024 1
363 107
15237 5
37066 1
15046 2
93 79
1224 46
13308 2
432 76
15429 1
1802 36
113 144
9714 6
683 69
11490 3
16 329
7741 27
100 209
4098 15
3095 1
20985 1
2611 14
16179 19
2351 2
28069 2
403 5
2103 11
28843 8
274 81
10609 2
811 66
6432 16
3200 3
174 81
352 225
10533 1
30487 2
478 141
1856 7
13059 7
138 128
1859 53
10333 1
74 306
16237 2
553 151
488 53
9844 3
1842 11
793 27
16 331
357 131
437 132
164 234
1433 16
19842 3
7593 9
1381 43
515 55
74 416
311 165
11352 3
277 2
135 216
861 220
4 160
380 46
24441 1
637 21
8421 2
244 10
691 121
164 234
1690 16
1327 118
646 17
264 198
16643 3
7234 2
31792 1
2168 5
316 162
1404 5
175 9
1390 2
16564 1
43702 1
25346 1
617 46
3206 7
100 212
123 47
1606 12
1127 59
132 86
27182 1
31376 2
708 12
135 223
1385 3
1856 39
8118 8
8872 1
3628 15
4936 18
35057 1
36895 1
1583 65
6547 6
10278 6
48485 1
3234 27
808 37
26146 5
235 25
21426 1
207 91
4197 10
437 135
3825 1
7870 5
2899 1
61 116
369 104
70 35
35 81
142 24
22152 4
487 28
464 15
86 188
6511 8
11983 5
980 37
196 78
9897 6
3141 47
6852 4
4548 15
35104 1
5560 16
478 144
2378 17
109 18
71 150
2201 33
736 49
33603 1
4 213
22039 2
633 5
100 203
227 26
2092 4
19849 1
178 7
22326 1
9508 1
313 43
23652 1
1021 50
204 4
2085 5
17210 3
45 46
1106 89
17078 2
484 93
288 313
13489 6
112 71
1386 8
12768 1
352 218
2474 25
1268 30
876 69
14680 1
8690 2
1016 22
811 66
4089 3
11130 2
1786 3
336 150
488 52
5654 5
4395 2
166 58
1275 33
4 162
340 38
34054 1
9119 1
316 163
231 91
2598 33
26979 1
117 26
16070 3
7248 28
2139 38
1144 60
574 20
9636 7
59 41
259 58
49081 1
1042 66
2263 80
11443 2
24531 2
10849 6
2352 33
416 40
15813 5
1298 27
1569 3
6533 9
4832 13
1906 42
1657 13
8920 3
21911 1
18734 5
37297 2
1000 77
6326 1
3963 31
1195 110
1738 6
10297 3
10469 1
28104 2
1754 21
1572 68
173 37
288 166
27136 1
9631 1
264 200
4100 1
15423 8
1327 117
2073 33
16695 1
2150 64
9886 1
11598 4
1488 40
928 91
2210 5
861 225
74 420
2826 29
1054 38
49 22
1684 60
37406 1
65 99
1879 62
417 74
275 142
1117 132
12794 6
553 39
316 162
287 76
5170 9
35 104
4 40
420 22
230 59
29974 1
231 95
352 212
115 7
3189 12
6389 7
1566 34
10959 2
369 51
3089 20
1779 30
278 89
95 40
3658 10
4 212
36835 1
4737 3
13602 4
344 39
15172 1
26494 2
37203 1
1986 31
3505 6
1142 10
723 93
3887 11
2892 9
12353 1
5282 13
7752 3
29603 1
676 53
1797 75
5048 1
198 229
2809 57
563 9
43996 1
363 107
198 225
14511 3
3607 6
154 61
116 20
424 15
161 92
3259 1
6658 10
2793 11
8145 2
287 31
3512 23
54 221
29 77
1402 53
19907 1
850 51
14034 3
445 11
102 6
14153 7
162 148
591 11
212 231
485 80
1887 7
39074 2
10973 4
4414 15
6950 2
1069 1
54 223
24976 1
54 216
37360 1
994 13
1036 54
861 223
2217 29
755 2
7487 3
352 215
1528 1
36658 1
150 49
317 107
272 113
861 228
14599 1
15038 8
1200 3
478 136
645 87
2839 9
1401 109
34141 2
376 108
12154 4
660 71
316 162
2652 16
15830 1
369 93
1475 60
13294 10
4778 6
276 66
142 148
5446 23
8778 3
422 119
485 79
3635 5
3886 21
131 57
74 306
328 126
5727 9
2924 12
140 95
1242 7
1472 61
3273 7
21425 3
1875 123
7986 6
136 26
304 170
9714 13
41944 2
3610 4
143 57
1875 95
609 10
313 43
160 76
8133 1
16732 1
1054 10
38856 1
210 35
1233 26
7465 4
288 312
2726 32
32141 1
3891 7
3182 19
3703 16
7986 1
2330 33
198 230
26213 1
39151 3
4866 4
2173 25
42830 1
3142 8
973 53
33177 1
23421 1
2781 10
328 105
948 56
210 19
43345 1
388 80
7762 8
3852 2
18178 2
3320 4
34263 1
1423 26
3284 1
4608 29
1113 24
3030 19
1229 75
311 163
210 51
236 82
31 111
29284 4
272 112
3104 6
1611 10
33986 3
10266 3
48576 1
553 81
6186 3
5757 8
43 233
2383 20
773 49
2290 19
608 42
19168 10
9912 5
24428 1
610 8
2045 9
1117 134
28397 1
4345 2
1088 32
5638 1
38560 1
2036 8
39802 2
106 11
416 21
1906 41
1620 51
9296 3
2327 6
524 92
1100 29
7367 13
18952 9
74 300
959 21
851 56
7602 1
2730 13
86 189
1843 10
8415 9
108 12
2122 48
50 20
20839 2
553 145
488 53
182 130
541 144
1472 61
274 85
100 215
100 213
107 97
127 165
236 42
4693 26
416 38
199 58
12471 8
143 57
22401 1
523 8
18123 1
236 57
5947 8
232 61
11094 3
2247 36
27997 1
3264 27
20973 1
8036 1
24281 1
86 189
4949 2
1048 198
54 223
16280 1
4780 2
593 200
27118 3
65 100
61 116
142 144
29106 1
10792 2
3049 95
13744 13
4203 5
6659 11
952 25
982 57
258 90
3363 33
23969 1
6655 1
38712 1
379 45
426 53
8699 3
6855 21
642 39
524 93
593 201
74 304
11881 12
170 34
1684 60
129 84
135 219
8535 3
8363 3
12707 5
241 62
12820 1
544 24
9911 12
113 144
469 61
86 185
317 97
30851 2
2726 16
822 37
55 230
41325 2
8043 12
440 65
424 189
654 39
16 330
6259 1
182 130
310 216
1221 47
7741 4
913 10
24153 1
28286 1
1181 52
96 97
2484 5
1067 150
10839 5
3663 18
127 29
17971 3
823 37
19973 1
365 69
176 138
39019 1
987 145
2040 3
15990 4
715 22
3550 1
1348 47
6595 22
1196 79
6102 5
115 35
1850 72
1286 28
43986 1
1173 4
94 328
1173 4
199 57
931 98
7040 14
1127 58
29173 1
751 123
1657 24
1551 42
593 51
2380 29
96 97
17053 1
1364 49
1381 43
10402 6
35096 1
2809 57
1716 6
2373 3
18708 2
3853 16
91 16
29 77
49946 1
142 144
751 126
4535 4
18667 3
1503 22
1000 76
184 106
1579 20
20842 6
515 30
15712 4
1206 23
437 143
2041 14
912 12
2294 6
751 126
6748 10
46 301
2183 25
15698 2
2837 13
7554 6
839 9
37529 1
285 38
288 311
1908 6
49075 1
17288 1
1393 3
426 65
591 47
4563 2
1875 94
657 67
336 151
613 19
18318 2
6896 2
10277 9
203 33
237 93
7313 4
7687 14
5506 6
6590 4
94 346
288 306
34761 2
94 348
3855 13
363 52
127 94
24901 1
1980 10
2474 25
352 217
164 126
689 37
38996 2
110 149
5159 27
35327 1
398 94
152 56
9935 3
876 48
11602 4
34919 1
11438 1
4492 7
28123 1
31030 1
1380 5
1560 30
86 189
29740 2
23716 1
7202 5
477 47
212 234
524 86
1589 27
867 67
506 43
4349 13
45994 1
431 13
352 216
791 122
34556 3
164 233
12566 1
176 146
9920 1
2373 15
25764 2
1033 11
74 300
3445 8
2270 42
8422 1
1104 21
12702 10
3461 1
149 32
3635 5
42393 1
220 12
625 58
699 92
6412 5
733 14
5575 1
46938 2
272 113
7024 2
2294 24
35150 1
12125 3
2567 13
107 99
284 41
45629 1
1956 75
453 102
2667 40
304 170
674 22
703 56
1485 18
3017 25
20615 5
16 326
3995 1
5030 12
6520 28
37 62
43218 1
541 143
1230 30
352 210
403 50
593 204
96 93
35431 1
28676 1
11635 5
4012 7
3130 15
8 81
978 4
100 287
74 301
4731 15
22230 1
56 47
782 134
453 104
33682 1
15966 4
288 307
782 35
1394 8
793 37
94 337
6109 3
2294 27
231 95
1284 37
33687 1
115 8
49 144
968 36
21517 3
310 218
2606 25
1420 22
1300 25
681 27
4 210
34783 1
7411 1
875 94
88 85
2273 14
1202 107
61 108
30193 2
26561 1
33685 1
14840 3
676 57
1583 59
5325 1
61 115
1714 15
13 35
683 69
48789 1
55 231
21670 2
6190 3
248 87
151 120
22457 1
100 215
18542 6
7503 1
34683 1
30999 1
1652 27
434 19
518 142
1195 111
819 91
8462 1
104 89
5256 35
5880 6
1719 5
17952 1
20586 1
8415 9
2669 4
3905 1
550 90
3429 37
268 5
2190 42
363 102
387 49
747 100
3191 5
9022 1
94 335
71 145
20304 1
417 76
446 44
15795 1
762 4
4119 4
3532 16
9498 2
38491 1
3143 59
264 199
22368 2
354 68
734 61
819 89
44 26
237 95
4625 1
185 13
1192 16
1953 11
44922 1
19422 13
3211 2
7687 14
31 110
8872 1
587 61
126 57
454 49
4703 29
691 134
71 28
10404 2
55 226
2580 35
7751 14
352 30
9 111
340 38
1803 8
94 335
1048 194
398 90
2067 33
115 2
233 93
3185 11
3306 24
154 60
6511 11
1162 36
587 54
71 146
84 20
6 55
248 81
12378 5
14071 2
507 55
3182 19
5706 18
1169 20
460 56
164 230
1174 44
346 18
1577 4
41762 1
861 216
5997 7
565 193
259 49
6368 3
176 148
30894 1
30368 1
3 10
5008 5
20508 2
750 19
844 132
4474 7
640 19
1635 16
116 144
23985 2
45704 1
1956 75
10391 6
4012 2
21 50
31929 2
463 133
33583 1
363 106
380 95
357 131
23599 1
1115 19
1589 26
928 92
528 79
164 82
7767 4
36844 2
1902 13
875 96
42 100
410 25
518 140
13880 6
4943 14
866 44
6173 2
274 84
110 146
288 307
311 137
929 48
212 233
6595 22
2300 59
10536 2
35 98
10286 7
262 43
881 87
12866 9
4167 3
1472 61
342 2
357 129
32180 1
25666 1
4136 35
10843 8
565 191
1797 37
1902 21
336 156
31 59
15716 1
4982 8
13446 4
41142 1
19325 1
8791 10
104 89
184 106
12881 9
24092 1
48689 1
353 89
1624 1
4954 2
6 54
388 78
654 40
18309 5
437 136
6386 1
4353 4
1477 9
1230 45
175 49
10402 6
198 233
3602 28
215 14
947 11
577 56
771 9
272 111
207 89
94 333
875 98
35382 1
5209 4
1929 41
44999 1
1042 55
5585 3
142 62
127 93
2652 16
660 77
21670 2
230 4
54 216
9714 2
1265 9
642 39
2460 8
868 2
2494 5
18733 2
878 1
540 32
1133 14
411 3
6390 1
37359 2
1610 6
31488 1
6090 9
513 82
4949 1
478 133
4354 4
22369 4
2432 36
723 92
804 66
4416 10
237 95
2190 41
7936 1
2894 1
773 7
161 63
463 132
34311 1
42 104
2505 17
841 102
1512 25
13379 4
26845 4
352 216
12109 5
210 50
49 138
54 221
2601 34
40819 1
10023 3
310 214
1667 1
224 60
63 54
660 72
21151 4
7484 1
12431 4
35739 1
544 57
2056 5
63 52
382 4
49396 1
10258 7
540 32
4351 4
149 17
642 38
19 68
3171 30
2136 20
8 84
3490 14
3481 46
16 325
994 22
20571 1
15854 1
4452 1
15844 4
7650 5
3922 11
8946 1
11694 1
54 214
369 96
195 1
14634 2
272 114
27 61
19894 1
12710 2
740 4
3557 40
525 192
690 66
135 221
54 221
1732 32
142 146
782 132
7223 13
109 61
3215 9
518 142
28901 3
237 95
676 56
7350 5
89 67
288 313
19124 1
49905 1
5801 1
1770 35
879 59
4 207
584 153
2350 32
1941 6
6255 6
275 74
96 96
1548 27
38118 1
248 7
358 29
18262 4
71 149
463 132
299 126
35812 1
94 344
33985 1
1313 8
363 106
32991 1
12970 2
1439 27
513 48
453 104
982 55
21089 2
18380 4
615 1
1604 15
5825 2
2827 1
3710 10
691 123
5009 21
3331 9
6909 5
47995 1
3871 3
247 10
2539 8
2500 26
307 27
289 9
13811 1
313 43
39757 3
12546 2
25403 2
46227 1
29 77
13846 2
3245 1
371 13
2802 40
751 119
706 80
3140 27
43704 1
22729 1
43928 1
212 215
19768 2
14942 1
176 137
405 26
99 88
36453 2
6689 9
37 52
29097 1
1926 19
6709 3
142 145
1490 27
6091 2
574 20
13373 3
21 47
851 55
188 61
783 3
3448 47
978 23
7952 1
2140 8
21370 1
49877 1
5933 10
1659 4
5684 1
681 81
12047 1
198 232
372 15
18 8
859 26
321 7
12407 2
40451 1
13932 1
15903 3
48996 1
4103 1
86 188
3294 9
1694 57
1089 8
484 93
1703 39
35350 1
31318 1
518 140
203 5
87 3
554 55
5256 35
2 5
5990 1
511 19
20426 3
3950 1
272 113
574 20
98 95
48394 1
16167 1
210 47
2263 45
234 12
8946 1
2768 7
16006 4
18889 1
2692 3
800 31
132 82
43 230
867 145
119 42
19 64
7779 1
2190 19
181 20
6295 2
5518 2
304 98
198 234
3590 4
1478 8
416 38
671 47
13303 3
734 59
46424 1
40909 1
497 65
29426 1
304 170
274 85
331 71
15773 3
47392 1
44274 1
28723 1
425 14
257 133
23274 1
4063 11
30402 2
23531 1
198 236
3677 24
3425 22
1067 150
155 143
831 31
20851 1
285 81
6459 2
2300 28
728 20
7453 6
1115 36
88 85
10552 5
1589 27
151 117
33820 1
1566 33
406 32
1684 60
798 2
3367 15
46545 1
24103 2
339 89
2360 15
1043 40
699 93
247 101
2320 48
35 98
198 234
1240 106
9714 6
1589 27
19234 1
49 143
1230 45
1363 4
1845 23
5093 1
8731 1
407 24
320 25
1332 33
42253 1
22640 1
8407 4
35921 2
1513 7
15247 1
2994 1
1384 24
453 106
9224 6
25 8
135 225
20485 1
15421 6
16397 1
25 102
10422 2
18489 4
18446 1
1503 60
829 37
825 12
1038 92
143 13
1283 13
267 43
5002 1
665 14
37561 1
142 144
796 37
127 93
1307 73
352 225
1055 27
380 23
524 90
23402 2
2426 61
916 49
17683 1
10496 5
336 145
1286 29
43 213
762 4
2880 33
3277 1
38039 1
18 19
2095 28
29879 1
233 91
11007 5
16877 1
8020 1
100 218
1464 13
6493 13
1106 89
1203 16
1451 1
30 21
446 42
143 56
40102 1
38771 1
370 92
2496 20
861 232
782 131
47394 1
43580 1
7728 7
1542 25
138 110
102 5
24737 5
94 75
363 104
25759 1
54 212
86 185
1827 57
18944 3
176 147
27400 3
41017 1
16 333
7592 1
25694 1
274 85
107 97
375 4
14856 4
416 38
107 98
43420 1
1524 2
1486 12
10864 1
35167 1
1000 77
2062 22
10629 1
14503 1
3270 60
48481 1
11992 3
24474 2
484 15
3510 14
94 345
861 230
13098 1
376 108
454 50
553 143
547 15
44508 1
705 20
19480 2
357 129
5383 5
14771 5
155 146
23 150
5690 4
17 40
13489 3
16046 1
1216 20
94 348
683 74
35 98
448 18
30594 1
117 26
212 220
2474 25
660 16
304 99
48043 1
1203 4
6547 18
23555 2
113 144
22364 3
3354 20
1125 10
374 150
144 72
4708 14
2580 35
1000 78
20344 3
1181 56
4720 3
6704 14
43117 1
2150 61
18498 6
13303 3
249 37
640 22
1298 27
3643 33
1335 3
330 58
234 46
4074 22
453 102
17835 2
45059 1
1203 62
317 33
117 26
1583 69
264 41
3840 34
237 94
264 190
2162 46
6429 1
1703 41
41815 3
2171 4
330 84
212 234
164 232
2073 20
8180 13
515 29
22071 2
861 229
32326 1
328 122
63 50
785 2
2200 18
9477 7
1038 88
142 146
2308 48
916 48
2023 13
2045 9
8054 1
30436 1
5675 6
660 74
5071 2
4892 9
2067 30
2589 14
5 59
247 31
1100 22
1812 16
8642 3
16 322
506 45
61 110
37947 1
3129 12
3363 32
437 139
23 146
3173 45
36964 1
3044 11
29000 2
240 12
27131 4
936 53
422 124
160 145
24920 2
33164 2
46147 1
1268 21
45311 1
777 33
8907 1
453 107
687 83
1368 25
1187 41
6445 12
1681 56
861 221
5706 17
40127 1
2669 2
11600 7
19883 3
627 48
61 110
14123 3
299 121
198 233
4564 2
850 54
24176 5
1957 8
275 142
529 25
1381 43
336 136
99 44
1367 4
3168 1
1571 3
2960 42
45 46
9371 11
2550 3
2242 15
4 214
691 134
71 31
2743 3
142 141
14564 9
160 144
58 28
151 120
637 55
584 154
12188 9
1332 34
2897 6
49365 1
309 14
1175 26
30402 2
469 61
1115 35
35490 3
1572 69
86 86
45211 1
311 165
155 25
236 79
4064 8
211 34
13643 5
32455 2
4067 5
25838 1
19766 3
6488 12
8945 4
645 88
2783 18
4 162
1672 11
142 148
21372 1
8535 2
620 84
4110 10
16 291
2498 52
851 56
10653 3
541 138
4670 23
311 156
440 25
1182 40
7394 1
2621 6
699 94
40175 1
15549 2
14182 4
22575 4
4330 7
1061 40
16820 6
530 27
1551 43
184 107
24737 5
11016 7
1381 23
8162 2
288 229
198 240
100 287
8 85
7345 9
28263 2
5195 5
27606 1
19858 2
32004 1
3922 8
4745 5
12496 2
258 93
6677 2
31809 2
160 137
7988 5
3198 3
3283 16
2504 15
134 58
20882 5
48780 1
8509 6
16335 1
35 93
841 58
100 275
831 94
9359 6
3472 9
174 3
931 98
1777 7
3507 8
6159 5
1043 40
363 105
8245 10
747 14
813 9
1230 14
934 37
408 53
847 108
3269 2
14257 3
5283 9
4703 30
983 6
8173 1
39622 1
5071 2
1572 4
7636 1
650 41
15591 1
3957 16
13341 1
12340 4
8341 10
4944 5
12390 3
21025 1
14621 3
687 16
34055 1
10167 2
2538 28
1792 22
96 95
14176 2
352 211
42101 1
11949 1
584 153
808 61
577 55
584 156
3561 6
1518 131
337 20
2742 14
3689 27
6028 17
5 59
1908 36
3626 33
2263 79
86 87
797 6
1364 49
6353 9
28259 1
31938 1
1950 74
248 88
556 18
177 74
304 65
369 103
3846 20
1907 30
1367 21
40518 1
5803 5
1615 40
142 147
6056 7
71 151
445 35
3063 4
264 193
518 139
12094 1
15942 1
20390 1
383 7
151 122
41642 1
100 244
291 171
593 208
707 51
10822 2
10223 6
751 62
875 96