1239 4459
6306 1172
519 3187
1239 3826
7632 5226
9422 7849
1239 3722
519 2865
3389 5854
519 9236
3389 687
1239 5596
7632 7011
1239 8690
6306 2050
2097 9264
3389 3773
9422 7183
3389 3399
3389 9709
2097 1856
519 9059
2097 5723
1239 8767
2097 750
3389 913
3389 5494
3389 1455
519 5848
1239 9579
3389 7199
3389 1585
3389 2681
3389 3479
1239 1187
519 849
2097 3233
1239 4419
3389 7064
6851 3768
3389 6392
3389 1402
2097 4451
519 8744
1239 630
519 9791
2097 1140
3389 9564
519 1445
1239 2736
519 8917
2097 6397
9422 6275
4537 3578
3389 8480
1239 3757
3389 6861
2097 3219
2097 6288
7632 8231
1239 1907
3389 1130
3389 1978
2097 2231
2097 5712
1239 8036
3389 1094
3389 7488
519 9279
3389 26
2097 540
5474 3740
3389 1209
7632 6055
1239 9366
2097 790
519 7495
7632 7821
519 7305
6851 8295
3389 752
519 1087
6938 7021
519 5736
519 5698
7632 5267
519 7653
519 9566
519 7511
519 9321
519 9141
7632 7477
3389 9154
519 6594
6851 5521
519 4130
3389 3293
5474 4977
2097 7205
1239 5110
3389 5457
3389 5418
519 3307
1239 8528
7632 4454
2097 1036
519 3429
4537 4510
519 9253
6851 7636
3389 7367
7632 1766
519 2638
519 9271
2097 2943
519 3384
519 8883
7632 4099
3389 9851
3389 2201
2097 2381
1239 8723
7632 6850
3389 5322
3389 6092
1239 5184
519 212
519 70
3389 7482
519 2811
1239 9645
1239 5590
519 3346
2097 6890
1239 4719
3389 3674
2097 3649
7632 1457
3389 84
519 8889
2097 7761
2097 1305
2097 2430
519 7235
7632 2099
3389 5066
3389 9147
2097 8453
2097 1817
6851 3020
519 4160
2097 2783
3389 5258
7632 9382
519 7307
4537 7442
519 5827
3389 8838
519 1142
3389 4188
1239 2713
519 6060
4537 9748
3389 5847
3389 6129
1239 934
519 4213
3389 70
4537 2751
519 5412
6306 9249
1239 6891
1239 4998
519 3716
1239 2046
1239 6962
6306 5204
519 2759
6851 5155
519 471
2097 622
519 4552
1239 9396
2097 8077
6851 9027
5474 8573
1239 9566
5474 9925
519 9154
3389 2957
2097 8088
6851 6076
6851 9353
2097 5868
519 5165
3389 5221
3389 7116
519 9439
3389 1535
6306 5318
3389 3993
3389 4207
5474 5599
519 2428
7632 6396
519 2347
3389 6992
519 5335
3389 981
3389 1441
5474 696
519 2865
3389 9059
519 2163
519 7779
5474 2944
519 368
3389 5467
3389 4032
519 5660
3389 8373
2097 1931
3389 9282
3389 1323
9422 1780
2097 5161
2097 1378
519 8099
3389 4986
519 8594
3389 592
3389 5921
3389 1321
519 2385
1239 6994
3389 4861
6306 8491
519 8300
3389 3238
6306 4049
3389 1188
3389 5161
7632 3477
1239 5184
2097 2101
4537 5398
7632 3673
3389 9428
3389 9167
3389 7092
7541 3249
5474 2936
3389 3244
3389 3917
5474 5505
2097 5518
1239 5868
3389 9086
7632 2756
3389 1441
3389 9015
3389 7904
7632 3972
2097 8700
3389 2822
519 3742
2097 93
519 6368
519 5554
3389 4073
3389 3452
3389 7313
3389 7954
519 5313
519 6977
2097 7392
3389 4719
519 8917
5474 5778
3389 212
6306 1715
3389 3729
5474 8915
519 5199
4537 6983
1239 1800
519 5809
519 3102
519 4304
519 7603
519 3762
1239 7451
6851 9243
2097 7669
7632 6409
4537 8123
3389 1176
7632 4293
3389 5461
519 8510
2097 7021
519 2819
1239 8441
3389 6313
2097 6161
7632 2809
3389 2864
519 5854
519 1874
3389 3103
519 6117
519 2114
519 8181
1239 8221
3389 5198
2097 4906
7541 4076
3389 6985
3389 2207
519 709
1239 7704
7632 4367
1239 1344
9422 3823
519 3313
2097 252
1239 1406
3389 7973
3389 5357
5474 7298
2097 7973
2097 5981
1239 2925
3389 382
3389 470
3389 6280
2097 2108
2097 3242
519 9972
2097 9040
3389 1980
3389 7760
3389 6803
3389 5406
6306 2749
1239 8086
519 8951
5474 1618
519 7705
7632 6388
3389 1998
1239 5607
3389 6002
3389 9549
3389 4173
519 3125
519 1627
3389 269
3389 233
1239 8403
1239 4539
519 5461
6851 8566
7632 3624
9422 4259
5474 7014
3389 1893
2097 5077
519 9575
519 2594
7632 726
1239 7342
1239 6847
1239 6431
519 4879
3389 5038
2097 6941
2097 9402
9422 7415
3389 7497
519 8131
7632 204
519 6418
3389 7428
3389 1443
2097 5353
2097 1213
3389 6529
7632 2643
1239 3436
4537 6755
2097 2333
2097 6377
3389 3535
2097 8400
1239 9146
3389 4826
519 3969
3389 5746
3389 3007
1239 471
5474 5121
3389 1479
519 8864
1239 6570
5474 5278
5474 4208
7632 9867
2097 4739
1239 1698
519 6289
7632 2730
519 5662
2097 1744
6851 8850
5474 3197
9422 3516
519 8329
1239 4780
2097 6696
519 3325
6851 5049
2097 6243
7632 9200
2097 3010
519 1729
5474 7105
519 7946
2097 9850
1239 7950
4537 4051
1239 6604
3389 7865
1239 6426
6306 8809
1239 2940
6851 4727
7632 6677
519 790
2097 3313
1239 4972
1239 2861
519 6504
519 2399
519 2762
1239 6274
6306 8210
2097 8312
519 838
3389 3903
6306 4507
9422 4491
9422 1055
7632 8108
519 3044
3389 5141
1239 4285
4537 4719
3389 3658
4537 4965
3389 7750
2097 3321
3389 9050
1239 704
519 5229
3389 3664
9422 2330
3389 5729
3389 1829
6851 9091
6306 709
7632 7377
2097 9555
3389 3858
7632 7696
7632 3442
1239 3817
519 2672
519 9620
3389 7809
1239 8246
3389 8159
3389 363
3389 705
7632 6939
3389 6298
5474 447
3389 9185
519 4660
1497 6298
4537 6188
1239 126
519 8090
2097 786
2097 9684
1239 7537
3389 9120
519 4022
2097 1210
3389 8780
4537 5881
3389 233
3389 671
4537 4777
519 4655
1239 2253
3389 6283
6306 3496
1239 9657
3389 3291
5474 1365
5474 7282
2097 8722
3389 4834
519 5076
3389 5304
3389 5266
519 3125
7183 1079
519 9623
3389 9234
519 5860
3389 9368
9422 5953
519 6651
2097 3153
3389 4100
5474 2216
519 9888
4537 6833
1239 9898
519 717
519 2599
7632 6585
3389 4266
5474 8547
519 8963
519 9729
3389 3973
3389 8850
2097 6561
7632 4920
1239 2467
2097 6404
3389 7922
1239 3962
7632 2619
519 2484
1239 1292
3389 7932
519 9002
519 3688
3389 3667
519 6233
3389 9383
3389 7989
519 93
7632 9422
519 1419
5474 1605
3389 2689
519 3931
2097 7278
519 2903
519 6200
519 496
519 2090
1239 4044
1239 5660
519 7688
2097 4681
7632 2691
1239 6962
519 1038
3389 4596
4537 1677
519 8738
6851 681
519 3846
519 8938
2097 4776
519 8084
2097 8456
1239 8281
3389 7119
4537 3198
2097 9368
519 4274
6851 9773
3389 3984
3389 6807
519 1172
519 3670
3389 606
6306 7548
3389 4719
3389 155
7632 7054
6306 8823
519 91
6851 2438
3389 9669
2097 6330
5474 7130
3389 4727
1239 3436
3389 464
1497 934
3389 5448
7632 5318
2097 1503
1239 8594
3389 7369
519 4145
519 6890
1239 5152
5474 8837
519 58
2097 1537
2097 5038
6306 3472
4537 2489
519 6085
5474 5107
6851 1116
3389 4308
3389 7789
9422 1662
2097 5334
519 7714
519 9617
3389 3693
519 2815
1239 6890
3389 252
1239 5536
3389 9731
519 1063
7632 7089
2097 9083
3389 2395
519 3714
1239 17
2097 9381
3389 352
519 1450
4537 7244
2097 3297
6306 8937
3389 554
519 4109
3389 2822
5474 8431
4537 9731
2097 2531
2097 2532
2097 7969
1239 6706
2097 6635
1239 5455
1239 3890
7632 7717
519 9482
5474 9585
3389 9034
1239 1315
3389 621
519 8500
6851 296
7183 5461
3389 1102
5474 248
2097 109
519 5848
3389 2410
1239 4891
2097 9766
5474 2167
519 5483
4537 3163
5474 5839
7541 4446
7632 5277
6851 3313
519 8924
2097 5732
519 2454
519 2452
1239 8520
519 1361
2097 4820
5474 5462
3389 4580
519 7003
3389 8725
3389 5569
1239 9341
2097 5040
7632 8816
519 1825
2097 7633
1239 4038
3389 7585
7632 6443
519 2534
2097 9109
7632 2544
3389 188
4537 4205
1239 1896
519 7215
9422 5646
1239 5913
4537 2074
519 6538
5474 8850
6306 3106
2097 614
3389 8463
6851 5455
3389 6011
2097 9754
3389 4308
3389 6043
1239 4487
519 9041
9422 6679
3389 2300
519 4549
1239 2774
5474 7391
3389 6369
519 6936
3389 4101
6851 7945
2097 5841
3389 5060
3389 375
519 6857
3389 8590
519 3410
519 6663
5474 343
2097 8421
2097 486
1497 6853
6851 3855
3389 2640
3389 9013
7632 3052
1239 3225
2097 1727
519 5023
2097 8974
3389 9180
1239 17
519 3243
2097 8386
6851 364
5474 7994
3389 5407
1239 5123
1239 3917
3389 1787
3389 4857
3389 3514
4537 3261
9422 2649
9422 205
1239 6256
3389 99
1239 6128
519 4245
2097 491
1239 2632
1239 9611
519 4363
3389 187
2097 8625
4537 902
3389 6318
9422 7724
1239 7174
519 147
3389 1812
7632 8344
6851 1677
519 5010
519 1029
519 2376
7632 3893
519 4563
1239 1268
7632 230
3389 7340
3389 8864
519 5068
519 6920
7632 9842
1239 1646
519 9700
2097 9497
3389 9621
1239 3799
4537 13
9893 5228
3389 9747
4537 4827
1239 636
3389 3422
5474 2159
6306 9625
2097 7024
7632 518
519 3525
2097 460
5474 349
2097 3798
1239 8466
2097 9294
519 1094
1239 2416
5474 4400
4537 2491
7632 3950
3389 8205
6851 2420
519 2020
519 8041
1239 825
9422 288
1239 7705
519 7493
7541 3433
6851 664
519 6692
2097 4523
5474 7610
519 2372
519 86
3389 8110
519 4214
5474 2944
3389 1665
4537 4214
3389 1421
3389 5286
7632 1
3389 6129
519 457
519 3998
5474 3442
5474 2533
1239 1360
4537 4582
1239 778
4537 8746
519 5595
2097 1362
519 5357
3389 8123
519 8462
3389 9044
6851 7021
7632 4594
3389 8236
1239 6882
4537 6186
1239 2416
1239 1123
4537 4666
2097 6726
3389 3474
3389 6667
3389 3506
3389 7417
3389 1087
519 1475
519 5753
2097 5216
5474 5571
9422 8286
3389 892
519 3300
519 4492
2097 8282
3389 6015
3389 2533
1239 910
519 2902
3389 3969
519 5407
1239 3208
4537 4173
2097 2595
3389 9694
1239 6403
7632 9144
2097 3615
519 2623
3389 3751
3389 2721
3389 3417
7632 611
2097 7920
2097 2920
519 1201
6306 7271
2097 3399
6851 5461
519 1419
3389 4235
2097 9044
3389 1118
3389 5879
519 5428
1239 7559
1239 3554
3389 4536
3389 7350
3389 6024
3389 9510
1239 9984
519 4998
519 3602
1239 6143
7632 5374
1239 4213
3389 6926
3389 7166
3389 6902
2097 9406
2097 3571
2097 950
6851 1395
3389 2812
3389 4239
2097 5105
1239 2074
1239 4182
1239 7662
519 1183
519 9508
1239 5790
3389 8480
2097 5710
519 1695
3389 613
519 880
3389 8694
519 4012
2097 1114
5474 169
6306 1250
519 9622
3389 8087
1239 9529
2097 1176
519 7792
3389 2246
3389 1918
1239 5638
519 2759
3389 3909
519 2669
1239 4106
3389 9385
2097 7653
3389 8556
519 1603
2097 4869
519 6241
5474 4114
2097 1087
6851 7788
7632 9189
519 2268
1239 2210
3389 8377
3389 3552
2097 2678
519 4269
3389 2700
6851 3651
1239 5647
4537 177
1239 8930
519 4718
2097 287
3389 1741
519 3880
5474 1964
3389 2114
4537 6503
3389 7212
3389 867
2097 4738
3389 8520
2097 958
2097 1121
1239 1365
519 7206
519 1006
5474 720
519 7302
519 2607
9422 8931
519 6319
1239 5866
1239 3447
2097 2466
3389 3625
2097 3849
2097 4933
1239 7428
1239 6319
519 3510
7632 7985
519 6697
3389 2288
519 8540
6851 1659
3389 5350
3389 7059
5474 9574
3389 6357
519 9990
3389 7133
7632 4743
519 2567
519 3743
519 2842
2097 7306
519 5612
519 2738
1239 4175
2097 4063
6851 6458
3389 5519
519 8389
2097 9099
3389 7069
1239 8465
1239 9801
9422 6275
3389 7130
519 3187
519 8332
519 3202
3389 9338
519 6418
1239 8378
1239 3253
3389 531
519 4676
3389 2848
2097 5380
1239 7277
6851 9754
1239 3237
1239 1996
3389 1497
519 6024
2097 4195
1239 2420
1239 3103
3389 4173
3389 4795
5474 2858
519 2739
519 6069
7632 4507
519 8336
5474 4188
1239 7526
3389 1515
3389 3773
3389 2694
9422 7897
2097 2803
4537 3951
3389 9784
3389 9462
519 5866
3389 9050
5474 5187
1239 6431
3389 2151
519 7893
3389 6444
3389 170
9422 6679
3389 3685
2097 5611
519 7359
1239 6726
6306 5144
1239 4774
3389 7679
6851 2843
3389 5467
519 6387
3389 7311
9422 2580
2097 1653
3389 5390
6306 5244
3389 1986
3389 795
3389 1213
6306 7271
2097 9462
519 8522
7632 2224
519 8072
2097 9625
5474 8452
519 6309
3389 4041
519 356
7632 1792
519 9667
519 9716
519 1660
3389 1333
1239 5922
1239 3700
7632 439
4537 9789
519 961
1239 6860
519 1189
519 6779
6306 2450
6851 4948
3389 8520
9422 2332
519 1015
519 2557
519 1939
2097 7398
3389 7011
2097 1075
5474 9630
3389 1895
519 7755
2097 3884
5474 2985
3389 6985
1239 6278
519 280
3389 9109
1239 10000
3389 2155
519 3986
519 962
2097 6709
3389 575
519 7873
1239 23
1239 6671
2097 752
3389 8236
1239 5022
3389 1136
3389 3773
2097 147
5474 9907
3389 7556
3389 944
4537 2817
1239 5576
519 6789
1239 4886
2097 2813
3389 8223
2097 5105
3389 5502
1239 1600
2097 5868
519 5857
519 2893
3389 6407
3389 1389
3389 8246
519 5637
3389 9273
6851 9363
2097 4109
519 8697
519 6397
7632 506
1239 2046
5474 3236
519 9386
2097 5547
5474 1137
1239 8243
2097 5309
2097 2283
519 3077
3389 5510
4537 6811
9422 7570
519 9641
3389 7505
1239 9402
2097 6935
519 834
1239 6213
6851 8825
519 9233
3389 8005
3389 2768
3389 3447
1239 8533
1239 4578
519 7732
1239 4644
3389 7293
2097 4451
7632 8413
2097 4188
7541 2659
1239 8608
7632 2404
1239 861
3389 5432
519 6287
9422 1353
7632 1900
3389 5264
5474 7874
3389 3479
2097 5322
2097 2683
3389 2061
4537 3609
519 5687
519 2058
519 7431
519 3225
3389 6949
4537 1939
6306 5782
519 1445
3389 4998
5474 770
519 8837
7541 5293
519 6203
519 1286
519 8563
519 5225
519 2899
1239 7873
519 9590
519 5461
1239 7198
3389 2957
6851 1946
6851 1973
519 5828
519 2253
7632 9259
3389 3267
3389 5586
519 5845
3389 7460
6306 9844
519 4022
3389 9216
2097 9437
519 3233
3389 3597
519 9430
7632 9489
1239 8163
2097 2937
519 6890
3389 1802
1239 5254
1239 2560
3389 8203
6851 1711
5474 2894
519 9435
3389 1431
3389 5109
1239 7241
519 4140
519 5565
1239 2328
5474 7987
2097 2446
3389 7791
3389 2108
3389 5637
519 6052
2097 9147
2097 4613
6306 4721
2097 757
3389 4253
3389 7953
1239 8904
519 2847
5474 1686
7632 5673
2097 6888
7632 8424
3389 2188
3389 7760
7632 102
519 3826
3389 5712
519 3248
1239 2640
1239 4772
1497 284
3389 5024
2097 6709
519 2074
1239 8242
2097 3461
3389 1929
5474 2981
519 8664
5474 9112
3389 3473
3389 8970
3389 4860
3389 6548
6851 3318
2097 1093
1239 7137
1239 8098
3389 1893
1239 9826
3389 2649
5474 6954
1239 1017
519 745
7632 1720
7632 4485
3389 5741
3389 4459
3389 113
6851 5568
519 1122
2097 4382
1239 311
3389 1505
2097 4104
519 8808
6306 7548
1239 6785
1239 9979
6851 5673
7632 6737
3389 5624
1239 6732
1239 7639
6851 7902
2097 9810
519 2264
519 8182
6306 1172
3389 3092
7632 4260
1239 3136
2097 2112
519 2293
3389 2559
1239 6955
3389 9632
3389 4191
3389 341
3389 8281
1239 7755
1239 1462
2097 6002
3389 5996
1239 4239
3389 1211
2097 1618
3389 6215
3389 7280
519 7800
1239 8423
1239 7770
2097 6944
3389 1804
3389 8708
1239 3225
3389 6946
3389 4289
1239 7204
3389 434
519 9791
2097 3651
519 1961
1239 1234
5474 2863
3389 2230
3389 4099
5474 8056
3389 6235
7632 2079
6306 5098
519 3391
3389 9805
3389 7537
9422 358
7632 2965
519 2683
5474 8920
3389 5592
2097 219
6851 9267
9422 8193
5474 9359
3389 6477
519 2163
3389 9703
1239 8214
519 4390
519 4212
5474 613
7632 1495
2097 8320
1239 3896
6851 8160
4537 6777
3389 2523
2097 7947
7632 3915
519 5282
1239 7194
1239 952
3389 2583
7632 1951
7632 6821
3389 6408
2097 1143
519 6609
2097 4563
9422 8673
1239 5725
5474 1060
1239 7911
3389 5694
2097 5562
3389 2689
3389 410
519 822
5474 5104
1239 3513
6851 655
2097 9892
519 3259
7632 7779
3389 6234
519 5068
519 2675
1239 4069
2097 5854
3389 9474
519 5831
519 5388
3389 5462
4537 4576
3389 1257
519 4880
519 7239
3389 8346
519 8332
7632 8246
4537 2420
519 360
519 6907
2097 3597
9422 7880
7632 9821
2097 3971
2097 4906
519 4132
2097 1489
2097 7923
3389 7148
3389 5914
6851 6023
6306 7467
3389 6143
5474 3274
2097 6658
519 5026
4537 177
2097 9838
3389 9979
3389 7822
2097 1608
1239 8968
519 3969
519 778
2097 7549
3389 3386
4537 6486
7632 7591
519 1051
7632 6981
2097 4602
519 6104
3389 5307
3389 2102
3389 2422
519 2811
4537 1467
519 1518
6851 9050
6306 7817
2097 2443
519 9176
1239 6872
3389 4892
7632 8568
3389 382
519 2758
4537 3802
3389 3833
2097 7209
3389 723
3389 3985
3389 5491
1239 5687
3389 2756
1239 167
519 4447
4537 3611
519 9015
2097 2943
5474 8669
519 1918
6851 8962
519 4453
519 7755
2097 3295
519 780
3389 7505
5474 6825
7632 352
2097 633
2097 9508
5474 7059
2097 6363
5474 7497
1239 7968
519 1387
1239 54
3389 2622
7632 8217
3389 817
2097 5878
3389 2823
5474 6061
5474 5000
3389 6995
1239 5134
7632 524
519 6314
2097 1980
9422 5761
1239 9007
519 8205
1239 4465
519 7160
3389 2001
2097 4726
1239 1758
5474 3640
2097 7822
7632 8615
2097 2185
1239 5708
9422 6935
2097 342
519 5795
4537 3951
2097 5550
3389 3244
4537 9784
519 4502
6851 7918
3389 8268
1239 621
5474 8593
519 3431
519 3008
1239 8036
2097 4367
7632 3343
3389 9952
519 9389
2097 6484
3389 9644
2097 3239
3389 6516
5474 2505
1239 3896
519 1323
3389 958
6851 2337
1239 7607
3389 1535
2097 2356
5474 291
519 2947
7632 1173
1239 5628
519 384
519 7689
3389 5163
6851 5046
1239 5993
519 1293
3389 2505
2097 6776
5474 5107
519 1866
1239 1757
3389 4710
2097 4487
3389 2609
5474 6684
7632 9802
2097 2339
4537 1782
2097 7980
2097 2710
2097 2201
1239 7537
3389 2400
3389 5900
9893 7255
2097 2506
3389 4080
519 7099
519 3025
1239 8577
3389 1136
3389 3404
9422 8900
7632 2962
2097 2293
4537 5177
519 4296
519 5122
519 7492
1239 6179
519 7186
3389 4273
519 1211
519 2572
519 7743
1239 3514
7632 6285
1239 9721
2097 2405
519 7664
2097 774
2097 3561
3389 2400
519 8689
2097 4825
519 9823
519 5922
519 9208
2097 7030
3389 8377
7632 5831
519 709
3389 3762
5474 372
519 461
519 4267
519 5537
5474 1373
1239 6530
2097 7980
3389 4141
1239 6882
2097 786
3389 2067
2097 9539
4537 4671
1239 9201
1239 3721
2097 3944
519 595
3389 8486
1239 1982
3389 1365
3389 8835
3389 3912
3389 3275
2097 9842
519 2328
1239 9492
4537 2943
519 4100
4537 1097
519 1597
4537 9784
3389 598
2097 3222
4537 9395
519 9278
1239 1663
6306 7980
2097 2426
3389 8531
3389 3746
9422 6819
9422 6878
519 5578
3389 8861
519 6336
519 6277
2097 9859
1239 5997
519 7149
3389 5363
3389 8151
7632 352
3389 9110
7632 7404
519 529
1239 1419
2097 8205
2097 1358
2097 923
3389 9659
3389 7286
3389 1861
3389 7655
5474 5415
519 4600
5474 9586
519 677
519 7762
7632 7885
3389 3422
9422 2233
519 297
1239 443
3389 8602
1239 8202
6851 8399
1239 5443
519 3171
2097 111
3389 4528
3389 5472
1239 9294
1239 8879
3389 4916
7632 1683
519 994
1239 2216
3389 7152
3389 9006
2097 1696
3389 8734
1239 825
3389 1028
519 4419
5474 2337
1239 5294
6851 2330
3389 5322
3389 5797
1239 8669
519 5617
2097 1844
519 1687
3389 9537
5474 9659
1239 7310
2097 6667
7632 1850
519 2539
3389 8806
3389 7081
519 1405
1239 8223
7632 8757
6306 6058
1239 9865
519 1330
519 5471
519 1697
519 8000
1239 2402
5474 4439
519 2725
3389 826
1239 2106
3389 9597
1239 9345
3389 5584
519 2691
3389 7379
3389 9039
1239 2452
519 7526
1239 2137
519 8585
519 6652
3389 8731
519 9390
3389 8662
4537 5200
4537 8961
519 1743
1239 8828
3389 5428
3389 9273
3389 6116
2097 4132
5474 4318
519 4203
2097 9764
6306 854
519 289
6306 7085
2097 9007
4537 5712
7632 6693
2097 4845
3389 7024
1239 2333
1239 2454
5474 7386
6306 297
2097 6397
3389 3983
2097 8333
519 2337
7632 7899
3389 8486
4537 2687
4537 790
2097 8546
3389 7113
3389 3337
519 6066
1239 1800
6306 6929
519 2736
4537 421
5474 9556
2097 3561
2097 8745
7632 8271
2097 3963
2097 6187
3389 247
6851 159
1239 291
1239 5847
2097 364
1239 3006
4537 7651
2097 3594
2097 6803
3389 2224
519 9426
7632 1527
3389 7315
3389 2680
1239 2760
3389 3136
7632 892
2097 2346
6851 687
4537 3062
1239 3110
1239 6366
519 356
2097 996
6851 867
3389 771
519 5233
1239 8379
519 4798
5474 7801
3389 5982
1239 4845
3389 3844
3389 4980
519 6847
6851 6817
2097 5911
2097 9320
2097 7332
3389 9324
3389 5536
5474 7206
3389 180
5474 2898
3389 4032
6306 4667
2097 757
2097 6866
519 6931
1239 4834
5474 946
1239 8789
2097 9073
519 7113
7541 6508
2097 739
4537 2250
5474 8769
519 3086
2097 2327
3389 1406
519 5730
3389 8778
5474 4816
519 6010
3389 4597
6306 7522
519 2594
1239 8958
6851 1259
1239 2763
519 79
3389 4719
1239 6580
3389 9867
4537 132
3389 260
519 8695
2097 5376
1239 2058
3389 7667
519 3454
1239 8617
5474 380
1239 2728
1239 6283
1239 5109
3389 6375
3389 858
3389 5968
519 8827
1239 165
3389 1656
5474 8438
6306 4198
5474 5235
2097 3677
2097 7537
2097 3571
3389 7842
6851 9613
3389 8512
519 3310
3389 9359
9422 3501
3389 5502
3389 2072
6851 3288
2097 8849
519 760
3389 1489
7632 8918
1239 8705
519 1914
519 1938
2097 3988
6851 8650
1239 4005
2097 4599
2097 5221
9422 5528
519 9029
3389 6735
519 4173
3389 9033
2097 4620
1239 4611
519 3961
1239 3952
7632 6409
4537 5218
1239 3093
3389 6966
519 8823
6306 3832
2097 3694
519 6710
3389 6502
519 3487
519 387
1239 2801
3389 3076
2097 2941
6851 3028
2097 7949
519 9127
519 4989
7632 7412
3389 9255
3389 7511
519 9368
5474 3349
2097 9234
2097 839
519 4304
7632 8830
4537 4384
519 9372
3389 9395
519 8198
7632 4381
2097 9676
1239 7141
4537 9270
519 897
3389 4109
519 6155
1239 5292
519 1466
3389 2067
7632 5580
6306 8036
1239 2557
519 6904
519 2877
1239 2539
1239 8485
3389 2284
1239 1918
519 9760
3389 9844
2097 2813
519 4774
519 3171
5474 1938
5474 1518
519 6975
7632 4510
519 1469
4537 5606
3389 1821
519 6007
519 7504
3389 1974
9422 451
519 952
519 1289
1239 9482
2097 4132
6851 8236
3389 4869
4537 3668
1239 5474
519 4195
3389 8725
5474 7782
519 5410
2097 8359
2097 9457
3389 1570
519 7935
4537 4155
1239 9950
3389 9752
3389 9727
519 2334
7632 1771
519 4902
3389 6794
9422 1047
519 9045
2097 9782
6851 461
1239 8247
2097 2426
5474 7431
519 7491
3389 4022
7632 720
2097 8045
2097 8233
6306 5504
7632 9038
519 6710
2097 4253
519 9847
519 3309
3389 8403
1239 5569
1239 5199
3389 3421
3389 1052
9422 9204
1239 6798
519 2320
5474 5289
1239 3125
3389 9660
3389 8231
3389 1728
1239 808
5474 372
2097 8594
7632 7060
3389 3983
519 3098
1239 861
4537 1078
3389 811
519 8134
1239 2210
1239 7099
1239 7113
519 9505
6306 5810
7632 3030
2097 817
4537 5589
1239 2058
3389 3084
1239 6637
519 2473
3389 7881
5474 8459
1239 8642
3389 6402
519 8796
519 9612
3389 3518
519 9
2097 7306
6306 9827
6851 9122
3389 2678
3389 8899
1239 3911
7632 1895
5474 7163
6306 5959
2097 931
1239 8715
2097 9674
7632 8181
2097 6673
2097 465
2097 3911
2097 6261
7632 9873
2097 8576
3389 18
2097 8616
2097 5154
3389 76
519 1088
3389 5399
3389 8694
519 6274
519 5272
3389 3134
3389 4997
7632 6677
2097 5290
1239 6707
2097 5976
1239 9707
5474 6585
519 1893
2097 9609
1239 9850
519 7542
519 7207
1239 487
3389 7477
2097 5868
1239 3884
1239 2915
1239 3480
1239 4163
1239 7085
3389 762
3389 4267
519 6515
519 7654
519 324
519 4691
519 8154
7632 705
6306 6243
3389 4360
3389 957
3389 1302
3389 2241
3389 4276
519 7336
519 682
2097 2882
3389 3983
519 2094
519 7725
2097 9147
4537 7759
2097 9316
2097 58
5474 5280
6306 2348
7632 2186
2097 2967
4537 8746
2097 9851
4537 9549
3389 5035
1239 4287
2097 4093
1239 1910
519 7882
1239 8313
3389 729
1239 5909
5474 213
7632 262
1239 891
7632 1805
1239 2193
3389 1747
2097 2957
1239 4820
1239 9539
3389 850
1239 6965
519 4693
2097 3417
3389 5971
3389 6810
519 1094
7632 524
3389 3925
3389 9406
5474 6564
1239 1518
2097 2532
7632 2637
6851 9011
1239 559
1239 7379
5474 9375
519 8340
7632 6443
3389 4719
4537 8681
7632 5181
5474 5279
2097 7417
519 7914
519 730
5474 1872
2097 2230
3389 8648
4537 7534
3389 2150
1239 2771
3389 9687
3389 6705
1239 8579
3389 9169
9422 1488
4537 235
7632 8706
519 9892
5474 506
1239 1624
5474 5625
519 2736
3389 2410
3389 9621
7632 2236
3389 6534
4537 4654
7632 7637
519 9027
1239 7342
2097 6242
519 3330
1239 5181
3389 2095
519 4143
5474 5199
519 3587
2097 2657
3389 8606
519 7359
1239 2398
519 8805
1239 9109
3389 5888
3389 255
2097 6330
7183 4860
9422 8760
3389 6002
519 1905
3389 6080
1239 6300
1239 8617
1239 2177
5474 8471
2097 8774
3389 5665
4537 892
3389 3773
519 8941
2097 2074
4537 3393
6851 7123
6306 9007
7632 3955
5474 7086
9422 4651
3389 8471
2097 5779
6306 873
7632 9179
1239 2159
519 3858
519 6628
3389 5663
519 5618
519 9164
6306 1715
2097 6492
7632 9500
519 1430
2097 6555
3389 8353
3389 3693
1239 3619
519 559
6306 2088
1239 4934
519 9425
1239 3392
2097 84
2097 3346
3389 8769
519 3322
519 7181
1239 2000
5474 5596
3389 4536
519 5039
3389 3163
3389 6561
1239 7537
4537 9874
2097 6155
1239 1530
1239 1497
2097 9234
7632 4074
2097 5785
6306 2234
5474 512
3389 741
4537 2312
2097 32
7632 3170
3389 1315
519 8093
3389 7014
2097 6635
3389 1983
519 5881
519 3208
1239 4486
3389 1226
2097 2052
519 6303
5474 4973
519 91
7541 6
7632 3398
5474 5246
1239 468
1239 8605
4537 364
4537 4818
1239 1977
1239 8392
3389 149
1239 5332
3389 595
1239 5698
7632 1602
3389 6637
7632 8918
2097 9543
3389 7306
3389 368
5474 6978
2097 9781
4537 395
519 7239
519 321
519 175
1239 1745
2097 9695
3389 9177
6306 6507
3389 8312
4537 1297
2097 5127
1239 5885
3389 3401
2097 1857
1239 6170
7632 1495
519 1611
1239 7908
5474 4739
3389 7777
5474 6285
3389 6144
3389 8704
3389 2713
6851 9925
2097 7315
3389 1858
7632 2863
519 197
519 7471
519 6961
519 8084
1239 2574
3389 6265
9422 5543
519 6861
4537 3853
519 7435
3389 6266
2097 9626
2097 6503
519 3696
3389 4221
4537 5443
3389 9613
3389 6200
519 9024
519 548
7632 8837
519 7179
3389 9050
3389 8601
1239 9232
519 6793
3389 1983
1239 3961
519 2838
9422 2537
519 9227
3389 1124
6306 5579
1239 6692
3389 7849
1239 601
3389 9262
3389 5060
6306 4974
3389 502
3389 1835
1239 7355
4537 1238
3389 5169
9422 5099
7632 4933
1239 2408
1239 7622
519 7152
1239 8036
519 5239
3389 1334
9422 4400
2097 2559
5474 7757
5474 1584
3389 9234
2097 4665
3389 1111
6851 3832
3389 7419
519 1294
519 8521
2097 1348
519 5841
7632 9364
1239 2328
3389 7669
3389 47
9422 3055
3389 8579
3389 4200
3389 9555
9422 3865
2097 2986
2097 9489
3389 8411
2097 130
2097 4093
519 2925
519 9770
3389 9562
3389 6861
6851 833
519 3001
3389 8700
1239 9862
4537 6844
3389 7442
3389 681
6851 1677
1239 7683
3389 1744
2097 1639
519 8682
2097 6068
2097 793
1239 5745
1239 8133
3389 7149
5474 8132
519 7606
1239 61
3389 2102
2097 8336
1239 7192
6306 7910
6306 4429
519 2632
6306 8377
519 2901
7632 8452
4537 7703
519 8255
3389 6780
519 2477
3389 6313
1239 3866
7632 8862
519 1560
5474 8252
6851 9494
3389 2040
519 5186
2097 3490
519 6083
1239 3422
1239 7188
1239 9248
3389 5011
4537 2609
519 5575
7632 4869
519 5377
5474 9458
7632 5869
5474 4140
3389 862
3389 1933
2097 7309
519 3150
6851 5761
2097 7379
519 6196
519 2594
6851 2330
1239 4545
4537 7856
2097 8430
1239 8470
1239 273
1239 8189
519 6500
1239 1597
2097 4539
1239 2260
3389 6700
2097 4836
2097 3812
7632 6823
1239 5334
519 7634
3389 7727
519 8999
6851 997
7632 520
2097 5429
1239 8912
3389 3417
2097 2441
1239 1568
3389 433
6306 8817
7632 3782
1239 6247
7632 9558
6851 112
3389 4447
9422 1937
3389 575
3389 328
519 8446
7541 4995
519 9795
1239 5569
1239 7471
519 1190
2097 248
7632 8106
1239 1503
3389 817
3389 3970
2097 812
2097 4705
6306 3716
3389 6021
519 2267
1239 9007
5474 5048
1239 2760
5474 1280
7632 3562
519 640
3389 9650
4537 6388
3389 3693
3389 1340
3389 1489
2097 1781
3389 5691
1239 1143
1239 9622
3389 598
519 416
4537 6110
2097 5558
1239 5542
519 2374
3389 6962
2097 3649
3389 8635
519 2958
3389 923
1239 9565
3389 4277
519 7340
3389 958
2097 3239
519 2607
519 8820
2097 2305
7632 2863
5474 4173
3389 3739
3389 7329
519 1253
3389 7692
519 2616
519 3307
3389 9667
3389 9199
2097 9638
519 6663
3389 4377
519 1560
1239 1087
6306 5204
519 3509
3389 3664
519 5174
4537 6166
2097 1302
2097 3364
519 723
7632 3072
519 2291
6851 492
6306 8036
3389 1582
6851 6761
2097 6185
1239 2789
2097 7811
9422 8939
3389 4789
2097 116
3389 6235
519 551
1239 9367
519 7607
3389 3983
519 2836
2097 1425
519 7622
2097 345
3389 5815
2097 3222
2097 899
6306 5920
1239 3867
2097 5254
3389 2947
7632 3171
9422 7222
6306 9318
1239 9278
2097 3839
5474 3493
3389 1226
5474 3624
519 9283
1239 2199
3389 2985
6306 8442
519 6021
1239 3760
519 6069
519 6902
2097 9637
2097 7160
7632 3030
9422 9489
3389 5013
7632 702
1239 660
2097 9151
2097 7942
2097 5246
519 746
519 8925
3389 4981
3389 777
1239 9801
3389 2210
1239 1951
3389 7613
1239 7923
519 6612
4537 379
3389 7291
1239 5235
3389 2001
3389 8715
1239 4085
3389 2760
7632 2907
3389 5889
6851 8160
519 3521
3389 5749
3389 8812
2097 1042
6851 9050
519 2440
3389 3931
3389 1286
519 6125
6306 9615
1239 320
1239 2505
1239 87
6851 6761
2097 4267
519 3998
3389 760
1239 3443
519 8695
3389 5182
3389 1378
519 5045
1239 4159
519 9782
5474 8322
6851 7071
4537 4626
1239 8553
1239 9430
3389 7322
6851 9027
2097 7980
9893 7644
5474 8344
519 8266
3389 4588
6306 7384
2097 1945
3389 4975
2097 9457
6851 3884
6306 7385
1239 3447
2097 4350
2097 9396
3389 8978
7632 6744
5474 5219
3389 5136
7632 9471
3389 1737
7632 8617
2097 5879
519 7252
519 4338
9422 3630
2097 9057
5474 8847
2097 8336
3389 2191
5474 3449
7632 1849
9422 8628
9422 6224
2097 699
3389 3606
2097 8496
519 1397
519 1943
519 93
6306 1340
1239 1565
6851 694
6306 8438
9422 8920
1239 732
2097 8216
2097 4796
1239 3234
6851 6750
5474 3812
2097 2011
2097 2581
3389 5045
2097 3732
9422 8211
6851 875
519 2312
6306 7891
519 5789
3389 6633
2097 4689
519 4934
4537 4438
1239 6008
3389 1301
519 5957
1239 5104
1239 1046
9422 9865
4537 8789
5474 4811
6851 2643
3389 3664
7632 1060
4537 2657
1239 5239
2097 812
6851 8789
3389 8808
519 4356
1239 8281
3389 7526
519 5362
6306 1782
3389 7947
3389 6068
519 1484
3389 3451
6306 3278
2097 6708
519 7080
3389 4358
519 3619
3389 8835
3389 8601
6851 3768
6306 5254
1239 2006
2097 3510
2097 2763
1239 167
2097 7122
7632 5176
4537 5135
2097 4169
2097 1220
3389 1118
519 4180
2097 4931
519 4723
3389 2339
519 6104
2097 8312
3389 2963
3389 2836
3389 1751
1239 9146
1239 6408
3389 2895
519 7928
1239 4611
519 3001
3389 1690
5474 7513
3389 7416
1239 8325
5474 1212
519 3696
9422 7187
4537 2512
519 4774
519 4863
3389 9702
9422 2387
2097 812
1239 7787
1239 2804
5474 6301
1239 675
519 2455
519 2805
3389 4398
519 216
3389 5647
519 3080
4537 1415
519 4210
3389 624
2097 6070
3389 7757
519 9495
1239 3783
519 3554
9422 1777
1239 9862
519 2170
5474 6127
3389 4221
519 8758
4537 6247
6306 6334
3389 4431
6851 4136
2097 9041
1239 2770
1239 8181
3389 2185
3389 6696
519 3417
1239 8139
1239 37
1239 508
2097 4273
3389 1772
3389 7996
1239 1778
519 8723
1239 6612
519 6363
519 8080
2097 1945
2097 1489
7632 264
2097 3826
1239 8313
3389 2434
3389 2191
1239 9903
5474 5425
519 9995
9422 8709
7632 6409
6851 3580
1239 3384
519 4930
519 6369
7632 1324
3389 101
519 7114
1239 9331
6306 3902
2097 2441
2097 3087
1239 2815
1239 3225
3389 2129
2097 4931
1239 6890
1239 3422
1239 5186
1239 4236
6851 8789
6851 8514
3389 336
2097 4833
4537 9726
2097 1776
519 5889
3389 4038
3389 8919
3389 4272
3389 7377
4537 542
3389 2200
1239 3513
519 3412
7632 2637
4537 8599
5474 5097
519 5955
2097 3912
4537 8855
7632 8274
3389 6262
3389 7397
6851 3420
519 1145
5474 6267
5474 5762
519 3988
4537 3779
7632 8624
3389 952
3389 7348
3389 3896
3389 1957
3389 5225
7632 2089
2097 2454
4537 5306
2097 5498
1239 7986
6306 6151
7632 9493
7632 1677
519 1914
519 3180
3389 5473
2097 7688
3389 6442
519 111
6851 5105
5474 2313
1239 9046
3389 1515
519 1565
2097 9483
1239 3101
3389 9304
6306 148
3389 895
4537 4292
519 491
2097 1280
519 4880
9422 3441
519 15
7632 6990
2097 1494
3389 5778
3389 4846
6306 1368
2097 5770
519 2721
3389 6458
6851 9669
3389 9508
9422 379
2097 3465
3389 7942
1239 1709
7632 7163
3389 4140
7632 8757
7632 4750
519 8539
2097 1001
6306 4510
3389 1938
3389 6598
2097 7527
1239 6242
5474 8270
5474 1310
7632 5161
7632 9332
3389 9110
2097 5420
519 6007
3389 7053
1239 3092
519 7991
519 1023
1239 1813
2097 1239
1239 5489
2097 5965
3389 5280
5474 148
5474 7155
3389 48
6851 7094
3389 1348
7632 980
1239 1172
4537 342
5474 4999
3389 8664
7183 9037
2097 740
519 7655
1239 788
6851 9429
7632 7027
4537 6401
519 5332
3389 8716
519 4723
3389 5941
3389 1013
7632 3722
2097 384
1239 8926
5474 3249
4537 9264
6306 1096
1239 5698
3389 8751
1239 741
2097 5266
5474 7980
4537 9596
2097 8431
519 7691
1239 5340
7632 4243
519 6638
5474 1637
3389 5909
6306 7681
3389 4645
519 3219
3389 3687
9422 8842
519 2131
519 3180
1239 6963
519 7168
2097 4828
519 4834
2097 6456
519 7449
6306 8036
519 5393
6851 9429
3389 3986
2097 707
1239 2112
2097 6621
2097 3307
1239 2112
2097 9534
2097 6854
5474 828
1239 5160
3389 4965
1239 9457
519 6720
2097 8151
1239 7267
7632 2591
6306 701
519 5987
3389 9573
1239 1709
1239 6666
3389 826
2097 9637
3389 4891
1239 5889
3389 5968
6306 9010
1239 9720
2097 2405
9422 4878
519 4689
3389 7365
3389 9573
4537 2754
2097 6569
1239 2674
3389 1245
1497 6676
2097 5582
1239 2485
519 38
2097 4687
3389 8665
6851 8421
3389 4736
519 6542
1239 389
3389 3088
519 7139
519 3959
519 5290
6306 6507
3389 9198
3389 6229
3389 2009
7632 7160
5474 8568
1239 8501
3389 1368
2097 8400
2097 6215
3389 6010
519 346
5474 7948
3389 8601
3389 7826
519 8186
7632 2990
1239 8925
519 601
3389 9887
3389 3697
519 15
519 9601
9422 8900
3389 2968
1239 9272
3389 3924
2097 4311
3389 4522
519 3526
3389 2422
519 961
519 6169
3389 3950
6851 4109
3389 5740
1239 7197
3389 4327
3389 3203
6851 2352
3389 7566
1239 8700
4537 4587
1239 328
519 34
519 5078
5474 9127
2097 9033
3389 1217
4537 2567
2097 6936
519 731
3389 9360
2097 4399
1239 9745
2097 5779
1239 6580
519 3215
1239 5638
5474 6515
4537 4400
519 277
1239 8585
6306 42
2097 1278
519 9862
1239 280
7541 1263
519 6702
519 4518
1239 2612
7632 6110
3389 4815
2097 6959
9422 4898
1239 7210
1239 2100
7632 9952
2097 1157
519 5839
3389 4671
6851 4297
1239 3822
519 8726
1239 3785
3389 2612
3389 6090
1239 2495
2097 633
7632 5958
5474 7743
2097 5549
1239 2423
519 8726
519 7149
3389 6229
1239 3843
5474 9799
519 2696
7632 9230
1239 9460
519 5304
3389 7285
2097 5230
1239 9539
3389 8432
5474 7301
6851 9588
3389 796
2097 6777
7632 9796
3389 364
2097 3349
2097 4550
2097 4558
1239 1098
2097 2259
1239 5747
9422 9245
3389 9565
6851 9373
519 111
1239 3264
7632 5178
2097 846
3389 1008
1239 2562
3389 9862
1239 3835
5474 2493
5474 8514
3389 5410
1239 3601
2097 3691
3389 2185
7632 9382
2097 1666
519 6538
4537 6283
5474 9919
2097 7903
7632 3961
4537 4189
3389 5545
2097 6217
2097 90
3389 4640
1239 4951
3389 2190
5474 322
2097 373
519 105
1239 4100
2097 5406
519 9015
1239 8711
4537 1996
9422 8569
4537 3452
519 503
4537 8772
6851 5913
519 1416
519 7788
2097 7952
2097 8903
6851 7247
519 2654
3389 9609
7632 1056
1239 1383
5474 2593
519 289
2097 5666
3389 9078
7632 7523
1239 5749
2097 4861
1239 1517
1239 7008
519 1856
519 184
3389 6860
519 6862
1239 6807
2097 1450
519 2819
1239 9863
7632 8757
519 5611
3389 8243
2097 9573
9422 9145
5474 8644
1239 8018
3389 5318
3389 580
519 1708
3389 5143
4537 1448
7632 7032
519 7148
1239 9575
2097 6708
3389 5589
3389 4861
6306 7817
2097 7306
6851 9512
3389 8169
3389 2865
5474 7948
3389 5769
1239 3087
3389 7146
2097 734
6851 8789
519 3323
3389 421
4537 3657
519 4431
2097 6926
3389 8098
519 5489
519 9168
5474 2545
519 9594
6306 1495
1239 6366
3389 4281
519 4230
3389 9033
3389 1098
5474 2213
519 5606
2097 5838
3389 8630
9422 6284
2097 795
3389 5889
5474 5604
7541 1211
1239 3675
2097 4285
519 3133
7632 8680
5474 8220
7632 9908
519 8181
1239 194
1239 8688
3389 9163
3389 5637
2097 7142
6851 995
519 3202
1239 7515
6851 5761
3389 7246
5474 8903
5474 5462
1239 1017
519 9923
5474 1737
1239 376
5474 6880
7632 2208
3389 5398
3389 8774
3389 3618
7632 2150
2097 4459
1239 1568
519 7148
3389 9279
3389 7206
519 5885
7632 5804
1239 5769
1239 6008
9422 3424
1239 4414
6306 2696
1239 1744
519 7992
1239 5493
1239 1232
6851 2597
3389 1839
2097 9934
7632 6852
2097 7894
3389 6567
519 2696
1239 3780
2097 5063
519 247
6851 4170
6306 5629
3389 3664
7632 1948
519 3502
519 56
1239 8551
5474 8915
519 3753
1239 5391
5474 1498
1239 3617
7632 4381
7632 2894
1239 2491
2097 3798
7632 655
7183 760
3389 4629
7632 3847
519 3962
3389 6208
3389 2050
519 5271
3389 7020
4537 6819
519 5420
2097 8088
2097 3171
2097 730
2097 6907
1239 3299
4537 4714
4537 9678
3389 7534
3389 3330
3389 615
9422 3569
5474 329
7632 1990
2097 6373
519 6228
2097 4248
1239 2756
3389 2287
3389 2728
9422 7849
3389 9246
5474 1142
4537 7180
2097 1042
3389 5763
3389 2094
519 4732
3389 5518
519 2970
1239 1750
7632 655
519 7086
2097 3527
3389 8584
3389 2411
3389 1624
6306 139
4537 2915
5474 849
6851 6519
6306 3039
519 1696
3389 5902
9422 67
1239 1293
2097 681
6306 1009
3389 1052
519 9158
519 2920
7632 5405
2097 6975
2097 2793
2097 7517
1239 9850
2097 1477
3389 616
3389 6512
2097 9183
519 1643
3389 7958
2097 405
519 5954
519 3777
2097 5390
3389 3373
7632 9416
519 4049
1239 6580
3389 4289
2097 839
519 9393
3389 3481
3389 8050
3389 21
7632 286
3389 2006
519 7250
2097 995
3389 3399
519 1227
519 5708
5474 2684
2097 3396
2097 2268
519 7206
7632 2599
3389 931
4537 2715
1239 2915
4537 5610
3389 3991
1239 8353
3389 9827
1239 6503
519 4465
3389 3570
3389 784
519 5885
5474 8050
1239 7368
7632 9054
3389 5425
3389 782
3389 3743
5474 8418
3389 2921
519 9368
3389 519
1239 5408
6851 4817
3389 4856
3389 7324
3389 6204
4537 8599
519 8213
5474 6684
9422 379
3389 6456
6306 8449
1239 6653
3389 8281
9422 7941
1239 3617
1239 387
519 1596
519 2367
3389 8398
5474 5976
4537 6268
3389 9179
2097 6200
9422 8783
1239 7113
3389 6066
3389 3164
2097 8647
519 8584
6306 1114
519 5358
2097 7822
519 6126
3389 5568
519 1812
2097 3205
7632 525
3389 1895
6851 1810
3389 2871
2097 1006
6306 5957
519 4122
519 2158
6306 8102
1239 8913
3389 9621
2097 7674
3389 1091
3389 7720
519 4719
3389 197
2097 4651
5474 4580
519 7554
5474 3643
2097 6326
2097 5841
2097 8528
3389 6482
2097 8431
4537 8117
1239 9361
1239 2638
519 9248
519 9315
3389 3520
519 7870
9422 8783
6851 5074
519 5569
2097 2108
4537 809
2097 5067
7632 5014
7632 7637
519 8973
1239 7727
519 5682
2097 910
7632 2068
9422 379
519 508
519 9141
6851 2337
2097 6143
3389 6110
7632 6846
1239 1364
1239 6050
6306 3693
3389 1196
2097 6355
6306 3636
2097 5357
1239 5694
3389 1172
1239 8299
7632 591
3389 8925
519 9260
5474 8593
3389 7237
519 5890
1239 6816
2097 2339
3389 3317
519 8148
519 8006
2097 6492
7632 611
3389 9411
5474 7130
519 994
1239 4253
6306 6682
4537 4592
1239 4044
519 8466
2097 8804
519 6985
519 2994
3389 7745
519 1985
1239 4176
1239 5075
3389 1049
3389 4549
3389 3646
519 1718
519 280
3389 540
3389 9489
2097 3932
1239 8914
2097 5349
519 6084
3389 2612
3389 5582
3389 857
2097 2710
519 3984
519 4549
519 2009
1239 1181
519 1715
2097 9457
6306 2572
1239 677
3389 1500
2097 341
519 1578
519 1362
3389 8605
1239 4194
3389 8482
3389 6664
2097 5536
519 7939
3389 8226
1239 7939
2097 1666
519 3957
3389 1983
519 5607
1239 6792
2097 5271
3389 7948
519 7363
1239 6318
1239 8767
519 8053
6851 7247
3389 1399
5474 5254
7632 4389
2097 7212
7632 5665
519 9462
5474 5818
2097 6514
6306 2763
3389 6420
6851 9891
2097 7325
1239 2127
1239 3369
2097 6336
3389 5006
1239 8862
3389 3304
519 9361
519 5464
4537 3304
519 4715
519 5583
3389 1489
3389 3506
3389 5878
3389 176
5474 9503
3389 6810
519 7762
4537 5177
3389 7964
3389 4660
2097 6423
3389 664
3389 5550
1239 7610
519 2713
519 4979
3389 115
3389 7008
1239 1174
519 7968
519 7206
3389 1101
519 2292
1239 5184
3389 2225
3389 5308
5474 3416
1239 1153
1239 387
519 7941
1239 330
3389 5742
1239 8318
5474 8293
519 9591
7632 7183
1239 7524
4537 7923
3389 9402
1239 5921
3389 4602
5474 9731
519 9388
1239 4116
2097 7282
1239 1446
1239 1371
3389 2822
2097 5165
2097 1372
6851 199
5474 142
519 9990
2097 2108
2097 2185
5474 1396
1239 6336
519 7752
3389 4588
2097 7325
519 8861
7632 4507
1239 3419
519 2763
1239 9849
3389 3034
5474 4592
6306 6929
3389 3925
7632 5141
1239 1776
1239 1176
519 4063
6306 7467
1239 1406
3389 4993
1239 7820
519 6419
519 6024
3389 5772
1239 4461
6851 6282
3389 1686
1239 6997
1239 280
9422 8962
5474 7830
1239 5472
1239 3015
9422 6224
2097 5097
519 7914
519 4859
3389 7221
2097 9850
5474 5408
519 7299
519 9460
2097 7325
6306 9524
1239 8476
2097 4611
3389 4892
3389 8320
4537 8736
7632 6852
3389 7712
519 3483
519 4146
519 1977
519 3779
3389 3472
2097 5564
3389 361
3389 3449
5474 8734
6851 9490
3389 1136
6306 1887
3389 8144
9422 5647
519 1530
7632 589
3389 2813
4537 8062
3389 671
3389 7998
2097 5230
3389 9666
2097 4743
519 9299
519 4913
1239 6354
6306 4711
6851 3859
3389 5240
519 6387
1239 5518
7632 1771
3389 7332
7632 970
519 3858
2097 3674
7632 8778
3389 130
2097 1116
3389 9946
1239 7471
2097 6457
519 419
3389 2336
3389 254
1239 8715
3389 223
3389 9608
3389 6818
1239 1898
2097 7350
3389 8653
2097 8463
3389 9175
3389 2674
9422 2233
3389 5854
1239 6997
6306 2265
3389 5161
3389 4670
9422 8708
3389 6701
3389 9665
6851 1915
1239 2724
3389 1121
3389 2915
6851 6227
3389 1539
1239 7482
1239 5878
519 9575
519 9388
7632 655
6851 8674
2097 5053
1239 6874
3389 352
3389 2325
2097 7126
3389 9723
3389 6200
7632 8996
2097 8625
5474 6413
519 9474
3389 610
3389 817
7632 2889
3389 314
6851 8292
3389 4038
519 2972
3389 4980
2097 3269
3389 9278
2097 5889
5474 8054
2097 2516
519 2591
5474 4707
7541 1263
3389 2454
2097 5185
519 9286
1239 9024
1497 1178
6851 950
6306 2679
3389 1888
1239 2250
9422 2825
2097 4943
1239 4342
5474 1572
519 7759
519 2686
4537 2864
1239 7094
3389 2166
519 8943
6851 8559
3389 9537
1239 3080
3389 9629
3389 2355
519 3852
4537 3510
3389 3224
2097 1923
5474 9555
1239 4287
2097 5172
2097 1591
519 1812
519 1921
9422 4651
3389 432
4537 1546
519 3685
3389 7229
3389 1957
4537 9549
1239 7385
1239 494
2097 9083
3389 6372
1239 8482
1239 4902
519 443
2097 2991
519 4610
2097 994
1239 8827
7632 1202
4537 7315
7632 8322
2097 5038
519 7581
3389 2721
3389 5340
2097 48
519 3181
3389 5369
9422 7975
3389 7041
1239 712
3389 6925
519 9152
3389 2619
2097 9608
519 9227
1239 6584
519 361
6306 709
2097 6187
1239 2915
519 8578
519 1603
2097 5063
3389 1152
1239 2677
3389 6826
3389 180
519 4748
519 1910
2097 4859
2097 3521
3389 5569
2097 5039
2097 3620
3389 2901
4537 634
7632 6488
2097 956
3389 2976
3389 7099
519 2059
2097 5362
519 8242
3389 9814
3389 4238
7632 8510
2097 3698
6851 6038
519 547
1239 4466
2097 8213
519 9609
3389 1175
519 6788
4537 7734
3389 8281
3389 3429
4537 3855
2097 8753
9422 1671
519 2516
1239 5127
3389 2234
3389 7793
1239 1697
4537 7752
5474 349
6306 3155
1239 1327
1239 5928
5474 5243
3389 6792
519 9669
519 4113
519 614
519 4763
1239 8373
1239 1128
3389 1280
6306 4358
519 6692
3389 9570
1239 3174
1239 1665
5474 7110
1239 7192
3389 8725
2097 6170
1239 184
2097 6131
5474 7086
1239 2756
3389 6948
6306 8066
519 9161
3389 7110
2097 9396
3389 26
3389 2617
3389 2567
6851 2378
519 5334
1239 3554
9422 67
3389 8584
519 3471
2097 8024
3389 7397
2097 2039
3389 9013
6851 6761
1239 1967
7632 8706
519 2416
5474 9155
5474 4741
2097 2929
3389 5107
3389 8577
3389 1047
3389 7634
3389 8103
6851 5846
1239 106
1239 9910
1239 3986
519 7695
2097 8737
1239 2780
1239 548
3389 4173
5474 4921
2097 2081
3389 6144
3389 1609
1239 7044
3389 675
519 1742
1497 7938
7632 8603
1239 3812
519 9687
3389 9891
519 9552
2097 1334
1239 3813
1239 8642
1239 8315
1239 6937
519 37
3389 4268
1239 7659
1239 2926
2097 996
519 7044
2097 6975
1239 6830
6306 8322
2097 6678
3389 3448
4537 4572
3389 9442
3389 6451
519 6010
7632 1844
3389 8990
2097 2703
1239 5478
7632 7628
3389 3499
7632 6952
2097 1618
6851 3850
519 5974
3389 4660
3389 9457
3389 5852
519 2775
3389 269
519 4325
519 3964
3389 5829
2097 500
6851 2512
3389 4975
3389 6512
1239 4467
1239 5617
2097 9810
3389 1227
1239 8837
9422 8102
519 4776
3389 3088
3389 8878
519 27
519 759
7632 204
3389 3330
2097 2633
7632 2965
519 9903
519 6369
519 105
1239 8183
2097 4393
3389 5397
7632 7011
2097 1473
519 8043
2097 1729
3389 8933
5474 701
3389 2652
2097 1536
3389 5592
3389 8598
3389 1821
5474 3827
519 6107
7183 8232
519 8263
3389 4306
519 6608
3389 1687
2097 53
2097 6635
9422 2540
2097 3472
3389 2823
4537 5813
1239 5361
519 3256
519 1142
1239 311
2097 3
2097 8158
3389 8541
3389 4204
519 2814
1239 9830
9422 3459
9422 1016
2097 6368
3389 1741
3389 7359
519 5160
3389 422
4537 6966
1239 6101
3389 688
519 4655
2097 5077
3389 1091
519 4860
519 9999
1239 4035
1239 2821
519 4728
1239 4986
2097 9211
519 1188
519 3952
3389 7338
5474 2901
7183 4832
519 9233
7632 1581
4537 3163
3389 6992
3389 5533
1239 5123
5474 7439
1239 2641
2097 2756
519 196
3389 2340
1239 7198
3389 1357
3389 3988
9422 7060
6851 2913
1239 8194
3389 9462
3389 1389
1239 3098
2097 2311
2097 7416
5474 265
519 437
7183 4845
519 7490
2097 2612
3389 149
519 6215
3389 875
519 699
519 7495
1239 470
6306 8198
6306 2191
2097 48
4537 588
2097 7145
7632 8246
519 1105
519 7560
3389 4297
3389 7690
519 9152
1239 9154
3389 5914
3389 225
7632 1917
2097 9331
519 4714
9422 8680
1239 3306
6851 5909
519 3284
519 5785
3389 955
519 4828
2097 5262
1239 9775
4537 7289
519 7888
1239 2619
2097 60
519 6210
1239 9272
1239 4789
1239 5589
1239 737
5474 6123
9422 2885
5474 7029
6306 1693
4537 7741
3389 4439
519 7089
519 2922
1239 5712
1239 8722
5474 4582
519 7893
3389 7853
519 5844
2097 2550
3389 7960
7632 2361
1239 2422
2097 7114
6306 9332
1239 8
519 2230
519 5399
6851 7036
6851 7805
7632 1129
3389 7210
3389 6348
3389 6388
519 2560
2097 9581
7632 9828
4537 8580
519 5197
4537 4834
7632 4200
6851 378
5474 8574
519 2810
2097 2158
7632 2965
3389 1334
2097 1216
2097 6080
2097 8990
519 3300
519 7873
519 2683
3389 9942
519 6786
1239 8948
3389 5576
519 4460
2097 3853
5474 9147
3389 3536
1239 4311
3389 7221
3389 5432
7632 1542
1239 6171
7183 3860
4537 4022
2097 6693
519 1227
519 6081
3389 2515
519 7688
3389 2280
2097 1415
5474 8185
2097 6760
7632 1109
3389 7761
519 8676
519 8401
3389 8316
4537 6892
2097 4665
6851 7098
3389 7429
3389 6441
519 3480
6851 7995
1239 9099
3389 4302
1239 3915
3389 6166
4537 5138
3389 9169
519 4487
3389 2335
7632 3158
5474 7226
519 7231
3389 8132
3389 742
3389 6060
3389 3271
3389 6143
1239 1809
519 3716
519 3547
519 6387
5474 2867
1239 1570
519 1007
519 6530
2097 1762
4537 2582
5474 143
3389 7760
3389 9499
1239 2958
7632 3101
1239 7392
2097 6461
3389 2491
6851 1915
3389 1178
1239 4539
3389 2598
1239 6530
3389 715
1239 5847
1239 7394
3389 1323
2097 5103
6851 8092
9422 1101
2097 792
3389 4620
2097 6555
1239 1017
5474 4769
519 8881
519 2562
9422 506
519 7101
3389 3993
519 2951
1239 6793
3389 7465
519 3986
7632 9948
6306 4890
3389 2189
7632 6912
519 5525
1239 8541
3389 269
6851 6233
3389 4989
3389 1441
2097 2719
3389 319
4537 4823
5474 9650
3389 5664
3389 667
3389 4349
1239 8053
2097 6187
3389 4269
2097 7423
3389 3721
519 7252
3389 5929
3389 2224
3389 7254
3389 9865
1239 5388
3389 828
4537 7289
3389 1765
3389 4993
1239 8466
519 4858
1239 9794
519 719
5474 4786
5474 1878
6851 4465
3389 1941
1239 3970
519 3116
3389 1730
3389 307
5474 2902
1239 4105
2097 5141
4537 9522
5474 4565
6851 4390
519 2607
2097 5417
2097 1711
1239 2980
4537 9874
6306 611
2097 1489
3389 9351
7632 8307
7632 4983
3389 2952
519 3587
519 7749
5474 9169
2097 7958
1239 6903
3389 3388
7632 9684
2097 5878
519 2595
3389 1118
4537 8025
519 777
1239 6494
3389 5870
519 9910
1239 5013
3389 6564
1239 8792
1239 7042
6851 8223
4537 2275
7632 469
3389 45
6851 1720
3389 4314
1239 4773
5474 6199
519 2003
1239 1445
2097 1935
7632 8687
519 5130
2097 1878
3389 8252
4537 7244
4537 6337
519 6620
2097 1271
6851 3929
5474 687
1239 3448
3389 5496
3389 3655
3389 2395
1239 994
3389 8891
2097 5055
2097 3510
519 8124
519 9197
3389 8346
1239 2930
2097 5334
1239 9219
519 5575
3389 9508
3389 5184
3389 730
5474 3416
519 2394
1239 9861
1239 9075
1239 2187
2097 1923
519 4049
3389 6319
1239 4654
3389 3827
5474 3519
2097 2760
1239 7305
519 2576
519 6187
1239 5010
3389 9570
1239 8590
3389 4625
9422 4275
3389 5682
1239 7349
519 9114
1239 8183
4537 1056
7632 3136
519 9726
5474 9356
2097 7700
7632 5588
3389 781
2097 9559
1239 4363
2097 6635
3389 3237
2097 930
3389 1931
519 8080
519 8016
3389 9564
3389 7268
7632 102
2097 3205
2097 9629
1239 3721
2097 962
6851 7072
3389 687
519 7879
519 9075
2097 4774
1239 6985
519 1376
519 9912
7541 139
3389 657
3389 1539
1239 6341
6851 9137
3389 5521
3389 4207
6851 891
3389 8926
3389 4941
519 9639
2097 5763
519 2850
4537 6247
3389 4496
3389 4282
519 6155
6851 2330
1239 2733
7632 655
519 6908
1239 9205
3389 399
7632 505
4537 3015
1239 81
3389 1399
2097 2901
3389 9176
519 8917
3389 4942
2097 2381
2097 4935
519 6090
519 4914
2097 7360
3389 5433
3389 8400
519 8891
3389 8684
1239 8968
519 9583
2097 3332
1239 8053
4537 4173
9422 187
9422 9633
4537 6170
519 8112
6851 5232
519 3134
2097 4815
3389 8246
519 3313
3389 8695
7632 492
3389 9385
2097 5121
519 3267
3389 9243
9422 3686
519 238
519 6667
519 2225
519 9101
2097 9695
2097 6489
3389 1038
5474 2273
519 1365
1239 4789
6306 4401
6851 1577
3389 2752
3389 542
2097 2150
519 5825
519 2609
519 5724
1239 5749
2097 7315
3389 4709
519 5038
3389 1693
2097 6004
7632 3847
3389 5467
2097 2377
7632 7948
7632 4226
3389 5387
3389 5045
3389 7873
519 9093
3389 2735
519 9027
3389 5398
519 3077
519 7485
1239 9412
519 7965
3389 3452
7632 7261
3389 1489
4537 475
519 8248
519 5321
3389 8167
2097 2559
6851 4565
6851 8759
519 8546
519 3748
2097 1939
6306 5810
6851 8890
519 5963
2097 5785
2097 53
519 3489
2097 141
2097 3848
2097 9991
6851 2315
7183 3860
3389 7141
3389 7989
5474 2213
7632 9471
1239 9482
3389 6213
1239 2688
519 6792
519 8024
2097 8528
519 9597
7632 3673
2097 8970
519 2443
2097 5292
519 3630
7632 3220
519 3223
9422 5243
519 1582
519 3480
519 9482
519 4796
9422 9498
3389 2921
4537 1860
519 1883
3389 9297
6851 7328
1239 4597
519 7029
3389 9703
6306 9615
519 5408
519 4058
1239 3939
519 8109
9422 6481
519 1980
6851 6279
6306 9428
1239 9007
1239 9727
1239 4028
1239 7257
5474 9141
519 997
519 9550
1239 7210
1239 8792
519 916
2097 9015
2097 6117
1239 5909
9422 8673
1239 3761
1239 5471
3389 3651
519 3389
519 4267
5474 1660
6851 687
2097 8441
7632 504
5474 7655
3389 6280
519 7103
6306 9923
7632 8168
2097 4028
4537 9142
519 2848
6851 996
3389 4576
519 5692
1239 3597
1239 5021
7632 1366
6306 6218
3389 5778
7632 3301
1239 9346
2097 1446
2097 7030
7632 7264
4537 8077
3389 4222
2097 3243
3389 500
519 5486
3389 5264
1239 6620
1239 2452
1239 5789
1239 3622
3389 9951
1239 6973
5474 964
3389 379
3389 9110
1239 6785
6306 9749
519 4714
519 3492
6851 9164
519 6575
6306 4601
2097 6143
519 5254
519 3476
6306 7565
3389 1933
3389 5936
3389 700
519 7949
519 9284
2097 399
3389 6760
1239 2347
519 6767
2097 5249
519 5196
4537 5656
1239 891
519 1658
3389 5038
1239 3812
2097 2621
3389 2533
3389 1912
519 4479
519 5165
519 3243
519 3903
6851 9813
1239 6451
2097 8318
519 2191
1239 701
519 8649
1239 6545
519 3031
1239 4458
3389 5233
2097 8039
5474 5323
1239 4850
2097 1741
1239 2059
7632 7289
3389 3288
3389 6969
519 3589
1239 4774
519 2850
7632 9060
5474 7840
6306 3278
519 9576
2097 8526
5474 579
2097 4886
7541 1864
3389 6999
2097 7241
3389 3753
1239 1974
519 5969
4537 4827
519 3175
519 9697
3389 3812
519 3633
2097 1843
5474 4351
2097 2970
1239 2920
7632 4163
1239 1545
6851 3138
3389 6880
7632 921
3389 4025
2097 8776
7632 2079
5474 5920
2097 6964
1239 2958
7632 2908
7632 6024
6851 9588
1239 4487
4537 3492
1239 1211
5474 2913
1239 9136
519 2152
7632 7011
519 7749
6306 5973
519 6316
7632 3747
3389 1943
1239 1843
6851 5257
6306 195
3389 9951
1239 8808
4537 1839
1239 7311
4537 9754
519 4340
3389 9950
1239 1670
519 8973
519 8346
7632 9695
2097 2262
3389 6696
519 3985
9422 4259
519 4154
3389 5190
1239 8573
3389 1389
1239 9569
6306 9066
3389 8625
3389 6525
4537 2214
3389 3988
3389 8141
519 83
3389 9071
3389 3011
7632 6764
7632 2200
519 2115
519 2897
1239 3570
519 8450
2097 2823
3389 9856
1239 3869
2097 9782
3389 6294
7632 6463
519 8663
4537 1914
4537 5312
2097 9208
3389 8239
1239 5725
6851 5939
519 8563
1239 8957
5474 2481
3389 3261
3389 8402
519 6456
9422 1937
519 996
3389 5377
1239 1676
3389 7485
1239 7113
1239 5072
3389 9309
519 9457
3389 1727
1239 9306
7632 3052
519 930
2097 2735
1239 2376
2097 1688
2097 4013
2097 2997
3389 4891
3389 7934
3389 9507
3389 3838
3389 7998
519 1211
519 4269
3389 2092
519 1930
1239 4435
1239 7777
3389 9814
519 283
519 2625
1239 6330
1239 5913
6851 9947
4537 5318
7632 7054
4537 4904
1239 808
5474 7315
2097 392
3389 3667
519 2081
7632 4933
5474 1618
1239 9762
6306 6015
3389 8862
1239 5762
1239 2250
519 5233
6851 9011
4537 8039
2097 5439
3389 9157
519 6906
2097 607
6851 269
1239 3755
7632 2892
3389 623
6851 1709
519 2691
2097 1843
5474 8142
2097 3756
2097 7709
519 4936
519 3623
7632 9733
3389 7128
3389 512
3389 4544
4537 5993
7632 8903
519 7942
3389 3593
1239 7210
4537 6205
6306 8817
3389 9943
3389 5878
2097 1903
3389 6529
519 316
2097 8131
3389 6860
1239 7601
519 3270
5474 5321
3389 1245
6306 7594
9422 9015
3389 8402
2097 1896
2097 1744
2097 606
3389 1028
519 4012
1239 7824
7632 2711
519 5047
2097 6732
3389 5531
5474 3897
519 7397
519 5471
3389 5647
3389 9110
519 5763
1239 1365
1239 1491
519 2824
2097 9058
6306 1211
2097 9488
3389 6810
519 364
1239 6936
1239 4863
519 5089
5474 3136
2097 2622
7632 1946
519 4176
2097 7790
3389 9559
1239 777
1239 3896
7632 3498
519 4811
1239 3700
3389 1713
519 5075
2097 8088
1239 4465
1239 4077
3389 1403
9422 5679
6306 461
519 8540
1239 2700
2097 1226
519 2823
1239 6788
519 4026
3389 8451
3389 4580
7632 8763
3389 8642
6851 6842
519 1928
3389 679
3389 2029
519 4123
2097 1512
519 5294
4537 621
2097 9117
9422 8569
519 2872
5474 598
519 9300
2097 4756
3389 4022
3389 7385
1239 5078
519 3808
519 4241
3389 601
1239 7336
519 634
9422 9312
3389 9007
519 1943
9422 7120
3389 5663
5474 7094
2097 4973
3389 3824
3389 115
5474 9146
1239 7113
6306 692
519 7939
2097 9528
1239 6009
2097 6857
1239 2112
2097 4122
4537 9639
3389 9793
5474 6966
2097 9865
2097 1434
3389 2765
4537 4823
519 3619
2097 6144
2097 3307
7632 2150
519 4355
3389 3092
1239 3919
1239 1094
6851 2836
7632 8878
3389 4300
4537 4759
1239 6564
2097 9282
7632 8992
3389 5590
6306 6464
3389 1220
3389 8833
6851 1711
1239 5527
519 1914
1239 820
3389 3788
1239 5229
1239 1517
519 3369
3389 3962
2097 4588
3389 1570
519 9028
3389 9459
3389 8902
2097 2187
6851 3817
9422 2649
3389 1627
5474 8737
519 6052
1239 9442
519 7659
6306 7378
3389 4543
1239 9101
7632 5287
3389 3688
6851 2843
2097 1430
1239 899
2097 5641
3389 9762
519 1289
6851 8441
3389 5390
3389 8662
4537 8687
2097 5185
6851 8916
519 6293
2097 6678
519 3732
519 3086
519 8883
3389 5656
519 5478
1239 1405
2097 7069
1239 1560
2097 9299
519 4737
2097 4523
4537 5336
519 3907
519 745
3389 9246
7632 6312
6851 2793
9422 7944
3389 7117
519 3499
7632 4698
3389 1222
3389 7829
519 3193
519 7669
519 9528
2097 1829
1239 2426
519 4514
9422 3628
1239 6448
1239 6612
1239 4160
2097 8266
3389 3829
519 6531
1239 6888
1239 4490
519 2014
519 3300
7632 6721
519 7029
3389 5021
5474 5097
3389 2422
3389 1425
4537 4200
519 6860
519 2900
2097 6477
2097 5190
6851 6221
4537 6850
1239 9695
1239 1200
2097 8804
1239 8700
7632 2885
2097 7148
1239 9
1239 3986
519 88
2097 7359
519 7150
519 6205
6851 408
1239 9518
1239 9366
2097 9460
3389 8282
3389 7136
5474 7488
5474 2806
3389 9315
519 8146
3389 1573
7632 7155
3389 1006
5474 4159
6851 3501
3389 634
519 4774
3389 5399
519 2134
519 5564
1239 8053
1239 9114
3389 9862
519 8531
1239 4705
3389 2085
519 9784
3389 1234
3389 8581
1239 3518
519 1976
3389 1730
519 2604
2097 5807
519 7866
7632 4780
519 2437
2097 418
1239 3110
9422 9738
1239 7601
2097 4683
4537 7377
4537 149
3389 4300
1239 7342
3389 512
519 119
3389 8756
3389 1998
2097 7542
519 7527
519 2014
1239 7759
2097 6170
2097 115
3389 5889
519 1791
519 7596
1239 2250
7632 8981
2097 5582
2097 1200
519 9093
1239 9256
6851 1931
2097 950
519 7958
519 1478
1239 3405
519 661
3389 5176
1239 8520
519 6616
2097 5406
519 8470
9422 8140
5474 17
3389 1190
519 9531
519 9457
519 356
3389 3607
519 8146
3389 2616
1239 6608
3389 4266
6306 8630
519 2340
519 8039
2097 6426
1239 1705
2097 7534
3389 9321
3389 2951
6851 85
2097 1112
3389 3137
3389 3474
2097 7114
1239 7463
3389 8929
7632 1495
2097 6397
5474 2309
519 5869
519 5854
5474 3633
2097 6291
519 6993
3389 7298
519 9573
9422 451
7632 9416
1239 3728
3389 2305
519 3946
2097 1813
519 9747
519 5491
1239 5868
3389 7727
5474 938
4537 9487
6851 4862
5474 286
3389 7119
2097 3680
7632 1801
519 3876
1239 346
4537 3853
1239 5433
1239 8233
1239 3780
3389 8629
3389 3687
7632 2208
1239 5560
1239 1646
2097 5391
519 1308
519 802
3389 6840
3389 2254
2097 6968
7632 1334
1239 1278
2097 5742
3389 6966
3389 2050
2097 3680
4537 6673
1239 1093
3389 9852
2097 1226
3389 2831
1239 7227
519 7590
3389 3317
4537 6844
3389 6077
1239 3033
519 6233
1239 4633
519 4707
5474 9344
3389 8423
2097 5742
519 5586
519 549
6851 9011
2097 9828
7632 1602
1239 5294
519 6372
1239 9015
1239 3116
4537 8865
2097 6862
519 7888
2097 79
2097 1843
1239 9092
519 1370
1239 2812
2097 3845
5474 543
7632 4998
6851 6031
6851 3313
2097 2696
6851 7187
519 7530
2097 9645
5474 1634
3389 5550
7632 8918
1239 8659
3389 7829
3389 2288
519 470
5474 1736
519 3150
2097 6058
1239 2560
519 2012
1239 3646
519 5743
519 1039
519 8191
1239 723
1239 8890
1239 2187
519 8793
3389 3237
3389 3055
2097 9083
519 1530
3389 3699
519 8032
2097 6684
2097 4989
519 5911
519 7089
519 9846
2097 1446
519 4507
1239 7373
519 7225
3389 2824
5474 5446
519 4771
7632 3690
2097 3472
2097 6963
2097 4929
2097 6599
2097 6923
2097 7945
2097 7514
2097 5841
6306 5909
2097 8359
5474 6067
2097 2799
3389 180
519 2530
5474 7950
1239 6425
519 8418
6851 1951
3389 1039
519 6325
519 8705
519 4588
5474 8927
2097 206
3389 1608
3389 5690
1239 328
2097 4634
519 1973
9422 5733
1239 6008
3389 4493
3389 519
2097 116
5474 4032
519 2805
1239 5320
1239 1278
1239 3228
3389 3161
7632 6514
6851 656
5474 3986
3389 8682
4537 2728
6851 5613
519 3401
519 6720
1239 4344
519 5186
2097 9664
1239 4267
519 8391
3389 2697
2097 3952
3389 209
5474 4815
2097 2052
3389 3907
3389 3667
1239 2220
2097 5790
2097 7461
3389 1220
3389 3629
2097 8512
519 8698
3389 2296
519 5345
1239 7557
519 6588
7632 3972
3389 3760
3389 364
2097 9277
1239 3088
6306 2418
519 3567
1239 3561
519 8436
3389 1986
519 7949
519 1825
4537 9805
9422 2442
1239 9253
4537 1665
7541 7059
6851 1368
2097 7451
519 7263
519 4032
2097 9175
519 7048
519 5474
519 5233
5474 7666
519 119
2097 3994
519 6273
519 6009
1239 5436
1239 2847
519 3093
519 5986
1239 6320
3389 135
6306 2450
3389 8809
7632 4617
2097 3932
3389 3693
3389 247
519 6519
2097 6529
6306 8788
519 4382
4537 3658
5474 5663
519 633
3389 6035
1239 8774
3389 4651
2097 2943
1239 4310
6306 9027
519 4496
519 6407
4537 5398
3389 8887
4537 1047
4537 7340
519 3687
519 1015
6851 4817
3389 9726
6851 1660
2097 2141
7632 4995
4537 6818
2097 6774
519 2240
3389 6240
1239 2616
519 4512
2097 7822
1239 3388
519 8378
6851 127
2097 1526
519 1342
2097 5615
2097 8423
3389 9566
519 511
2097 5872
3389 2971
1239 8753
2097 731
2097 8690
1239 475
2097 8129
3389 7059
519 486
519 4267
519 8958
4537 4496
3389 1518
3389 4487
3389 7281
519 335
1239 5456
2097 4350
519 384
519 8688
4537 2301
3389 646
519 8662
1239 6232
2097 4835
3389 9873
519 6013
1239 7790
1239 6426
3389 4651
1239 3675
519 4919
7632 271
519 83
1239 5559
7632 768
2097 5182
519 6596
1239 7958
2097 4248
3389 4984
519 5979
3389 6955
3389 8149
3389 949
1239 816
5474 3352
3389 469
2097 140
3389 8159
7541 2448
1239 1278
7632 5169
519 9857
1239 2560
6851 8324
2097 2896
2097 6961
1239 7873
519 7856
1239 8133
519 5758
1239 3867
519 8635
3389 4459
1239 8614
7632 3496
519 3988
3389 958
2097 9929
3389 5012
519 9205
7632 4135
6851 955
519 42
3389 6884
3389 6621
2097 4122
2097 8664
2097 9003
519 4289
3389 7973
2097 5827
2097 9596
1239 4335
5474 4237
1239 6890
2097 2187
519 364
3389 3668
7632 4054
519 8767
3389 8053
4537 145
519 4490
2097 4842
1239 289
2097 8336
519 1268
5474 2763
3389 9041
519 8808
519 6795
519 1211
7632 9603
3389 1361
6851 9925
2097 4706
2097 3114
3389 3801
6851 5949
3389 5666
2097 7146
2097 7252
1239 2847
3389 4968
3389 7533
3389 3198
2097 499
519 1597
2097 4280
1239 8928
1239 3554
1239 1348
2097 6415
519 822
5474 1147
3389 3386
519 2383
2097 1090
4537 3650
1239 6726
3389 5250
1239 1362
1239 5407
2097 8142
2097 347
3389 7110
519 9102
7632 3171
1239 2822
519 6387
1239 3884
519 3915
5474 1382
7632 3138
6851 8906
5474 7228
2097 7137
2097 142
519 8676
1239 6807
7632 7482
3389 1659
5474 5886
7632 8088
3389 105
3389 5199
5474 7817
3389 5141
1239 3526
2097 4484
3389 5916
519 8577
3389 6205
3389 6244
9422 255
2097 7376
3389 9350
3389 208
519 503
3389 793
4537 5286
519 4163
5474 7945
519 4728
3389 2505
2097 9591
3389 233
519 6069
6306 7286
519 805
2097 433
3389 5947
7632 7025
7632 691
3389 2059
3389 3607
2097 6963
6306 4525
3389 140
519 5088
1239 1433
3389 1469
6851 7165
519 6749
2097 8590
2097 9817
1239 6616
7632 7204
1239 3890
3389 4459
3389 8432
1239 3302
5474 4431
2097 6484
2097 2891
519 6321
3389 1188
7632 5831
519 9837
3389 2282
5474 824
2097 9732
519 5715
6306 9923
519 2034
3389 6530
1239 3988
6851 5693
6306 2612
3389 5929
3389 2201
7632 6818
1239 9026
2097 1519
6851 8223
1239 5979
3389 3492
3389 4709
7632 4114
2097 5776
5474 8834
7632 1028
3389 1124
2097 2092
519 2768
1239 1348
3389 5445
7632 1417
2097 6065
519 1220
7632 9657
3389 7516
3389 1257
6306 7236
2097 7798
3389 4280
519 4833
1239 1958
1239 8133
6851 694
2097 950
5474 6846
3389 9825
2097 4965
3389 4097
519 4483
3389 3288
2097 5039
519 5286
3389 4343
7632 7133
519 4223
1239 421
4537 7793
9422 8931
4537 1983
3389 5838
3389 8311
7632 6938
2097 2675
519 9666
7632 5564
6851 8903
519 1083
1239 3799
519 8794
1239 999
6851 8727
1239 622
519 3303
519 7065
1239 8046
519 7953
5474 9839
6851 5745
5474 1635
519 741
519 781
3389 7675
1239 278
519 283
519 5264
7632 9433
2097 9069
2097 5652
2097 3481
9422 2743
6851 3928
3389 2246
1239 103
519 8516
7632 8669
2097 4282
3389 8619
3389 721
5474 9816
2097 6861
6851 5039
2097 4226
2097 6672
519 9633
5474 2328
1239 5974
3389 1515
2097 3104
3389 2943
519 9566
3389 3236
3389 5831
519 5519
2097 9611
3389 2447
6851 1651
519 8456
519 9912
5474 468
9422 6207
3389 8601
6851 6114
3389 1441
1239 2530
2097 8085
519 9320
519 539
3389 3984
1239 4239
3389 1663
6306 3807
5474 7078
519 5758
519 4865
519 9234
2097 8018
6851 6279
7632 726
519 3593
519 4741
3389 5911
3389 6830
2097 5267
519 9501
3389 7024
519 6671
519 3742
2097 817
5474 111
6851 7993
2097 7423
3389 7395
2097 4857
3389 8928
519 2400
3389 6535
7632 8052
6306 8552
1239 9729
6851 5425
519 7244
4537 5408
5474 7242
519 8659
1239 6874
519 5224
1239 4820
3389 7311
3389 8489
519 3127
519 6403
3389 4069
1239 2925
7632 3146
3389 3520
3389 4214
519 7048
1239 8649
2097 1114
3389 3839
1239 9024
3389 5809
6851 483
7632 6082
3389 354
1239 6022
6306 3301
2097 419
7632 2295
1239 6457
6851 5834
519 319
3389 661
3389 9650
519 7904
4537 2523
3389 1
3389 4950
1239 4191
6851 770
3389 7430
3389 8648
3389 3787
2097 424
1239 8251
3389 4812
2097 9046
6306 7752
1239 950
5474 6966
2097 6515
3389 7008
3389 392
9422 2928
2097 7416
2097 4115
3389 6651
7632 8341
2097 4795
519 7081
3389 7939
2097 8430
2097 6441
3389 7248
3389 1859
519 8304
3389 5035
3389 4028
1239 4162
3389 6638
1239 9325
3389 291
3389 1928
2097 8690
7632 5739
4537 3416
6851 8215
2097 1302
3389 5731
3389 7811
519 2155
519 4691
2097 2801
9422 2617
3389 4916
7632 5318
519 7665
519 8336
519 4851
519 7186
1239 7949
519 309
5474 6830
3389 6101
7632 1285
1239 4409
1239 9726
1239 8336
519 1312
6306 9569
1239 2059
1239 8392
3389 2904
1239 6070
519 9784
2097 726
1239 3907
2097 2011
3389 1789
3389 3602
519 60
1239 9579
2097 1378
519 7911
519 2850
3389 3945
5474 8578
5474 8449
3389 906
519 6177
519 314
519 4775
4537 1690
3389 4619
9422 8048
1239 677
5474 3096
6851 6951
519 1411
7632 6721
3389 535
2097 5821
519 3944
4537 1321
1239 9663
5474 3254
3389 6202
7632 502
7632 1653
1239 8400
2097 2355
2097 140
519 3071
519 8226
4537 2259
1239 4357
519 5169
7632 5488
3389 1513
2097 3948
3389 8804
7632 8282
3389 9256
1239 7024
7632 9885
3389 367
4537 3834
519 6256
3389 6881
3389 2268
3389 9368
1239 4182
2097 9575
9422 5398
1239 6830
3389 3454
519 934
3389 2674
5474 1804
3389 6257
3389 8410
9422 3958
7632 5538
2097 9878
3389 5321
519 7542
7632 7272
1239 7617
6851 6385
519 8067
4537 6423
519 5216
2097 7667
519 4563
3389 4741
3389 9721
2097 8590
7632 8097
1239 5715
519 5564
2097 4104
1239 8434
3389 5592
5474 7420
1239 3200
3389 4714
3389 4558
2097 8917
3389 700
3389 4038
519 6260
519 3919
2097 6404
2097 7557
6306 7546
3389 9367
7632 8895
3389 8021
519 1789
3389 6124
7632 9684
6851 9199
1239 6505
519 7194
1239 5172
519 4356
6306 9657
5474 2454
7632 6567
519 9439
3389 57
3389 6637
3389 7301
9422 4124
5474 636
519 8944
6306 5999
3389 4308
3389 1803
3389 2371
519 6024
7632 8297
7632 7718
4537 2897
5474 6399
1497 6806
3389 528
519 6765
1239 1981
2097 5365
9422 9072
3389 6917
6306 7681
2097 3827
9422 2283
3389 8850
519 605
519 6261
3389 9014
6851 5875
3389 6453
1239 2551
1239 4318
519 1851
1239 3746
6306 461
3389 5789
6851 6221
519 3959
3389 4483
519 5023
9422 2332
519 3452
5474 5991
3389 6905
9422 8286
3389 8417
6851 8399
7541 1464
4537 4916
2097 6390
3389 7080
519 8965
7632 3865
519 9238
519 3717
519 984
7632 2137
2097 8283
519 9186
7541 6213
1239 32
519 3838
3389 8124
2097 7555
3389 6962
2097 252
1239 4438
4537 8499
519 9666
1239 2677
519 4447
2097 7777
7541 9585
4537 2301
519 7600
4537 769
3389 5318
7632 7899
519 2257
3389 8821
3389 7277
9893 739
2097 5254
519 1490
3389 5150
1239 9430
3389 8804
519 9435
5474 8054
519 4439
519 1904
3389 4406
2097 470
3389 1539
1239 7020
3389 5969
4537 6781
5474 3985
1239 7281
519 4827
5474 6966
7632 7687
6851 673
1239 9539
2097 9764
5474 8653
2097 4238
519 3866
519 1261
2097 8726
3389 5380
3389 848
4537 514
6306 7464
3389 6895
3389 8036
3389 2082
3389 1775
5474 8983
3389 4998
519 6058
3389 5692
1239 5698
4537 1860
3389 4032
519 719
7632 2845
2097 3588
3389 4483
519 4377
2097 248
3389 6707
7632 5789
3389 1010
3389 8323
519 3943
519 5456
2097 857
519 8930
7632 8918
519 6692
7632 5798
2097 2559
519 2768
3389 6208
3389 5363
519 1718
7632 4400
1239 8657
6306 1442
1239 3071
519 8736
6851 8726
5474 1392
519 250
2097 9294
3389 7280
519 2006
519 2385
3389 6507
2097 8828
7632 9616
6851 8704
519 7853
6851 1635
1239 7281
519 4169
7632 3342
3389 1129
5474 5800
1239 4773
2097 9810
3389 3676
6851 2388
4537 4895
1239 7339
1239 6570
519 8845
5474 3616
1239 6193
3389 6502
4537 4143
519 1856
3389 2153
519 4958
1239 9582
9422 2540
519 4032
3389 2025
3389 259
3389 4692
3389 1923
519 3500
2097 9189
2097 6234
519 9932
3389 4869
519 44
3389 3211
7632 8615
7632 5530
1239 7449
519 2258
1239 8124
7632 3583
2097 9637
519 5820
519 9952
5474 6221
2097 1074
3389 2250
5474 713
1239 471
3389 1515
3389 2917
9422 7621
519 6540
1239 5857
3389 9872
3389 3474
1239 9999
4537 9406
3389 5690
1239 7949
1239 3998
3389 5850
7632 6881
519 8131
4537 3849
3389 3295
3389 6493
2097 3705
7632 6368
2097 707
6851 483
7632 3971
1239 1760
6306 8837
2097 4595
519 8793
2097 2581
519 1157
7632 2582
519 6671
2097 3571
3389 4516
3389 2141
2097 1744
2097 153
1239 4902
6851 3519
6851 2997
4537 2283
519 8686
519 1326
4537 3007
519 4858
3389 5207
519 9972
1239 6306
6851 8873
3389 6115
1239 4139
519 8553
1239 9645
519 6790
1239 2841
5474 2907
5474 1360
3389 9027
2097 7406
2097 3606
4537 7967
519 7303
519 4431
7632 1648
7632 9703
3389 1777
3389 9646
1239 6903
519 9231
519 668
3389 5075
3389 6914
2097 9019
3389 2346
3389 4221
3389 4899
519 723
2097 1114
3389 1124
1239 3728
3389 4812
5474 8793
2097 5665
519 2709
3389 2907
519 7281
1239 3460
3389 3858
2097 3729
519 8329
2097 6084
1239 6912
519 2037
1239 9612
5474 5724
7632 8322
6851 6076
5474 2532
2097 3474
1239 9846
6306 9688
3389 6267
1239 3253
519 3845
3389 8510
1239 9534
2097 9527
6851 8049
3389 4032
1239 7194
5474 607
519 8526
4537 6923
519 8386
5474 596
1239 2696
7632 4494
519 2262
1239 7219
4537 1804
3389 1448
519 4603
519 5229
519 836
519 6325
1239 6420
519 4231
3389 1226
519 5045
1239 1405
5474 1193
3389 7002
7632 1421
519 5265
9422 5601
2097 5199
6306 8726
3389 3855
3389 2669
1239 2187
2097 9664
3389 1327
519 8316
2097 6458
2097 6542
519 1608
6851 347
5474 595
9422 3176
1239 7008
2097 9045
519 2346
1239 7655
2097 4473
1239 9650
3389 8141
3389 8865
2097 3346
1239 1268
519 4994
6851 5225
2097 1097
3389 3664
519 19
3389 5026
519 1100
2097 6491
6306 922
2097 2985
1239 9999
3389 1513
9893 8459
2097 5615
519 2017
1239 5539
519 6461
2097 2901
7632 5461
2097 108
2097 2446
1239 5187
519 7865
2097 2738
3389 5621
7632 2785
6306 8922
6851 7902
3389 9629
519 3790
2097 3606
4537 4767
3389 1713
3389 220
3389 9611
5474 8589
3389 6408
7632 3473
4537 956
3389 3641
3389 3939
3389 3434
5474 5572
9422 3958
3389 5646
3389 8728
6306 4248
3389 7008
6306 2587
519 3373
4537 3703
3389 3313
519 6906
2097 4604
6851 7432
1239 278
3389 1939
3389 9489
1239 7613
3389 1056
2097 4767
519 9127
519 9378
4537 6166
1239 9612
6306 6247
7632 8673
4537 2544
2097 8386
519 8896
9422 394
4537 8905
3389 3016
2097 3373
1239 6504
1239 419
519 9823
7632 1397
2097 3163
9422 8732
3389 3693
1239 1974
2097 90
1239 224
1239 6313
3389 6183
519 9883
1239 1411
519 9262
3389 5646
2097 3178
3389 602
1239 2367
4537 9719
1239 1550
3389 6696
7632 7347
2097 2192
9422 9987
1239 9718
6851 2679
519 2160
2097 326
519 5222
2097 9729
519 3237
519 9081
5474 4916
1239 5353
3389 8227
4537 1505
2097 5841
1239 9608
1497 1178
519 6190
519 7946
1239 6273
519 220
3389 4926
5474 8268
519 1335
3389 9180
1497 4789
4537 1653
2097 6420
3389 3403
3389 8772
5474 234
5474 586
5474 5693
6851 9669
519 4686
4537 6235
3389 2427
6851 8937
1239 2164
6306 8020
3389 1290
519 6215
3389 842
1239 351
4537 2125
519 9505
1239 2865
6851 7993
2097 4253
2097 8056
3389 5568
5474 8225
2097 3115
3389 6104
2097 1945
7632 1215
519 4723
2097 230
1239 9321
519 2683
1239 1959
519 3716
4537 6414
1239 8398
3389 6313
6851 2207
1239 6242
519 1835
3389 7654
4537 1839
3389 6749
2097 3173
3389 6262
5474 2544
5474 3618
3389 9662
2097 3388
9422 2068
1239 2167
519 850
6306 8489
2097 8586
3389 5628
4537 795
5474 8740
519 9255
3389 180
3389 1515
519 6404
5474 6954
3389 9353
1239 2485
2097 6372
1239 1958
519 2292
1239 3310
4537 8441
7632 6220
519 6762
3389 6621
2097 2692
519 9550
5474 3994
5474 505
2097 5491
3389 9345
7632 5620
519 3799
2097 7841
5474 4506
3389 3297
7541 7796
3389 8453
6306 6334
1239 4028
2097 6612
5474 8728
1239 3839
2097 4658
519 8973
2097 3474
3389 8180
3389 3220
1239 1331
1239 5472
4537 38
3389 5318
3389 442
1239 1059
3389 3668
3389 3472
1239 8334
3389 2034
3389 596
1239 3890
519 7565
7632 8850
519 2755
5474 138
5474 5401
3389 4644
3389 6969
2097 5131
1239 7405
1239 6373
3389 7972
6306 8823
2097 8475
519 1563
3389 7277
1239 5956
3389 1239
519 5158
1239 6962
2097 5300
2097 2782
1239 814
519 7581
3389 2550
2097 9611
519 2932
3389 9865
2097 9732
3389 1912
3389 7196
519 2297
519 8425
7632 3846
519 9339
519 7610
1239 1909
3389 5056
2097 6403
519 1679
519 9669
3389 2112
2097 6243
2097 8648
6851 9039
519 6604
519 3369
2097 6829
6306 187
519 9621
1239 3922
7632 4849
2097 4142
2097 2246
1239 9026
3389 7853
519 5604
2097 3852
519 4172
3389 7856
519 7949
1239 5863
7541 4635
1239 1232
1239 219
519 7254
3389 989
519 1697
6306 9338
519 3281
519 4195
3389 8546
6851 2426
5474 3678
2097 4638
1239 3263
5474 3274
519 1941
5474 4760
3389 2779
2097 9355
3389 1366
2097 6529
3389 2412
519 6653
519 2250
2097 3680
519 8554
5474 321
2097 1037
5474 4159
3389 1291
5474 2206
3389 9869
3389 2583
3389 5675
1239 6166
519 1716
7632 6026
1239 7210
3389 6861
1239 2250
3389 4438
6306 5641
2097 2422
5474 705
519 1930
3389 8749
519 5267
7632 7883
7632 2082
2097 742
6851 6227
5474 1016
6851 2193
2097 3480
519 5266
3389 6196
1239 7008
2097 2417
519 58
2097 828
2097 1103
5474 7308
2097 9040
519 6542
5474 7669
519 3410
7632 1986
5474 8285
1239 3068
519 9442
6851 3016
519 1103
3389 5914
3389 1666
6851 4364
6306 7979
1239 8993
519 1289
1239 1114
1239 2728
4537 2730
1239 23
519 2502
7632 1849
1239 255
6851 3598
7632 4983
1239 4235
519 3957
3389 93
3389 5358
6851 9516
3389 6502
1239 1941
6851 3750
9422 9289
9422 7640
1239 9280
519 7291
2097 5779
2097 1699
6851 8903
519 7730
3389 8443
3389 4828
519 6073
1239 7617
3389 9112
7632 3558
1239 2437
9893 7644
519 8036
3389 9063
519 1323
5474 4933
4537 8599
1239 7662
3389 3252
9422 155
519 592
519 5412
519 2689
2097 8837
519 3269
1239 5677
7632 6369
519 5312
2097 8655
519 1394
5474 5285
3389 6645
2097 4473
3389 9537
2097 9262
519 1580
5474 2652
4537 8047
1239 480
6851 9516
3389 7237
7632 5798
3389 7412
2097 4856
519 6137
519 7106
519 1526
1239 956
3389 4377
2097 6276
1239 1142
1239 7225
3389 4671
519 6777
6306 7681
2097 9
5474 4501
1239 2509
519 621
7632 9433
5474 8697
2097 1541
9422 3595
1239 7085
519 196
5474 7757
1239 106
519 5742
3389 8664
2097 4117
3389 4306
6306 2671
6306 1954
5474 3183
7632 892
3389 6982
2097 6021
6851 4861
3389 4128
5474 6224
519 9007
519 1620
519 5330
3389 2354
3389 5521
1239 934
7632 3915
5474 573
3389 4976
3389 5501
7632 4983
5474 8068
3389 3602
1239 1482
6306 9688
1239 6188
6306 2234
3389 1765
7632 2358
6851 3110
5474 7003
9422 2540
7541 1601
3389 7616
2097 6155
3389 737
519 2030
519 5793
519 2529
1239 1687
519 93
3389 4439
3389 3641
6851 2793
5474 5544
519 5791
519 4015
2097 6041
1239 9430
7632 1766
519 2925
519 4028
1239 610
3389 1773
3389 7829
1239 7040
2097 6635
4537 9150
4537 2599
519 4363
519 2296
519 8151
5474 8110
519 1257
3389 6046
7632 8698
5474 1918
2097 5100
3389 7371
5474 3156
7632 691
7632 5488
3389 6051
7632 9200
9422 3212
3389 1257
3389 2426
2097 5637
3389 4259
3389 1942
7632 9472
519 849
3389 9528
519 7941
3389 363
2097 5582
3389 1560
2097 7526
3389 836
3389 1041
2097 588
519 3366
519 1809
3389 3837
3389 8077
2097 6172
7632 5849
5474 3751
1239 3052
519 1762
519 9915
519 6286
2097 6892
3389 5095
3389 7237
519 5221
2097 3021
4537 5406
1239 5394
1239 549
3389 3518
7632 9684
3389 7111
2097 9664
3389 5518
3389 5362
3389 4507
7632 1801
5474 7670
5474 9802
3389 5263
5474 5353
519 1513
519 3761
519 8818
3389 4145
2097 7571
6306 9486
519 8602
519 273
8232 7609
1239 4500
4537 7170
7632 7261
519 6377
7632 1895
519 5115
5474 6832
1239 2937
5474 2248
519 1563
1497 2677
519 8278
3389 1945
519 9621
5474 8447
3389 6547
2097 5595
6851 2330
3389 3244
2097 7241
7632 7109
3389 5758
1239 4298
519 7003
1239 8599
2097 8020
6851 3508
6306 3832
519 4867
1239 6397
4537 5623
3389 8970
2097 4256
7632 4557
519 4697
9422 6236
519 5252
3389 3655
7632 5074
7632 9828
1239 6702
1239 7094
3389 4389
519 2191
1239 3630
3389 6982
3389 2000
519 7527
1239 1419
5474 4431
2097 4204
9422 5925
519 9576
2097 2929
3389 1931
5474 7964
519 5330
519 3039
519 8516
1239 2937
519 2824
1239 3929
1239 8922
3389 604
3389 3615
3389 6298
5474 4834
2097 9594
2097 4684
519 7210
2097 4684
3389 519
519 4156
519 1036
3389 682
5474 5530
4537 6955
6851 1577
5474 1094
519 6277
1239 4005
6851 2579
5474 7817
2097 8064
2097 2058
519 9318
519 3452
3389 8891
2097 1301
1239 2835
519 7167
3389 1709
3389 1227
2097 6926
3389 6368
3389 225
1239 6436
3389 4993
519 626
6851 4353
2097 9559
519 5115
519 8496
519 9529
5474 3974
1239 6024
1239 2067
3389 9718
5474 1413
9422 9414
5474 9908
519 5379
1239 6620
2097 6666
519 1643
5474 7552
519 4231
1239 4577
519 4707
5474 5964
519 7947
1239 8767
1239 3182
519 4223
9422 4300
519 4865
2097 7166
519 3292
2097 8018
1239 5004
2097 2253
2097 5231
1239 6137
1239 4058
5474 7840
1239 742
3389 2167
519 2721
519 8485
2097 5838
6306 2687
1239 1355
4537 9600
3389 9946
519 3622
519 6892
3389 9202
519 661
3389 9666
6851 2923
6851 6055
3389 9640
2097 1405
2097 2444
519 3555
5474 5650
519 9273
2097 6771
519 9236
9422 7830
3389 4102
2097 7331
519 7150
1239 6013
6851 2378
2097 7526
519 2613
3389 6485
4537 4439
6306 6035
2097 1720
9893 1581
519 9161
519 5362
6851 6028
1239 6921
5474 6996
2097 432
3389 127
3389 1103
4537 688
2097 8590
2097 3846
1239 3911
3389 8047
3389 8936
6851 6567
3389 147
3389 9887
4537 4817
1239 1868
6306 7621
519 3951
1239 7423
3389 6433
2097 7145
3389 8047
3389 2589
519 5769
3389 4227
7632 701
6851 4074
1239 1500
3389 608
1239 2828
2097 8753
2097 2189
1239 882
2097 7967
6851 5850
3389 5691
3389 6916
3389 9385
1239 2967
6306 7254
3389 5550
2097 8987
519 6969
3389 6234
519 7141
519 482
2097 9764
519 4705
2097 9007
7632 5354
3389 3707
519 1585
3389 3100
519 3279
3389 9455
2097 3194
7632 3631
9422 7599
5474 4091
519 232
5474 6816
4537 3845
519 5794
519 1200
7632 8660
3389 277
519 3783
1239 1541
3389 2675
1239 724
519 6741
1239 9766
3389 258
2097 1828
2097 5271
1239 7448
2097 4132
3389 4997
7632 6396
4537 3830
6851 2021
6306 6247
1239 1234
2097 2621
5474 3698
1239 37
519 8952
2097 6028
3389 5512
3389 7855
1239 4863
1239 5187
3389 531
519 4729
3389 607
5474 5031
2097 5182
519 1286
5474 6951
519 8143
519 5363
519 3897
519 9788
1239 6964
7632 1900
2097 8669
1239 8382
2097 8669
5474 3262
3389 1293
3389 8430
1239 3896
519 3321
519 3929
519 6653
1239 7375
4537 9293
3389 7193
1239 1565
519 7215
1239 9300
2097 287
3389 7826
519 2258
3389 7179
2097 5377
6306 8155
6851 9199
519 9569
3389 6309
2097 2020
7632 5387
2097 3200
7632 4711
519 135
3389 6010
3389 6166
519 1608
519 9609
2097 4100
3389 4310
9422 2442
1239 1383
3389 5125
3389 7911
3389 1648
3389 516
2097 4327
6306 1644
3389 7461
5474 7050
7183 9037
3389 3316
3389 464
3389 7544
519 9390
3389 8683
7632 2193
2097 1097
519 1220
3389 9752
3389 287
5474 4761
2097 9883
2097 6702
6306 7121
3389 470
1239 8553
1239 7613
2097 1430
2097 4761
519 6749
6851 2337
3389 6079
2097 7826
1239 1503
519 1997
1239 6444
1239 9508
2097 8539
1239 9004
1239 9099
3389 5583
1239 2509
519 8109
1239 8642
3389 1830
1239 7008
1239 4568
7632 4780
4537 6948
3389 715
519 5789
1239 3924
5474 2197
2097 2234
9422 9858
2097 3200
3389 3798
519 7012
3389 5136
1239 6912
2097 188
519 7719
519 1171
2097 1090
519 6023
9422 8732
3389 7698
3389 6090
519 1342
5474 2993
3389 5306
1239 4143
2097 2771
1239 8112
3389 8856
519 3080
6851 213
2097 3536
6306 160
519 8134
519 8008
7632 5580
2097 1679
519 4714
519 6169
1239 5056
3389 3357
4537 364
519 8419
3389 206
519 2013
5474 1653
2097 8700
1239 3396
9422 6044
5474 5759
9422 456
3389 6388
3389 167
3389 5769
7632 8816
5474 9814
3389 1740
519 7701
519 2095
519 7515
9422 448
2097 9383
4537 4173
4537 7298
5474 8242
519 8129
1239 7379
6537 5813
3389 4996
519 2797
519 5563
7632 7348
2097 473
9422 255
2097 219
1239 328
6306 4395
1239 1801
3389 5682
3389 9489
7632 9871
1239 803
2097 1868
519 9876
4537 1699
2097 1945
3389 9586
519 5076
519 5950
1239 10000
2097 4367
519 72
2097 1065
4537 1462
3389 3962
519 8223
1239 8123
2097 9267
3389 5694
3389 218
2097 9679
3389 8079
3389 8139
9422 5447
519 3487
519 6090
1239 3922
1239 4033
1239 8418
1239 5097
519 5891
2097 3548
519 4776
4537 8197
3389 9279
519 7352
519 2026
3389 5881
4537 1805
2097 772
519 4818
519 7403
1239 4162
519 6372
6306 2693
1239 9318
2097 3780
7632 8196
1239 8828
1239 6540
3389 1585
519 5142
5474 2381
2097 9590
3389 8021
3389 9208
9422 484
519 5789
3389 5745
1239 4010
2097 5556
3389 1850
2097 567
519 7166
3389 1941
1239 2468
4537 4051
3389 3776
5474 9267
5474 9922
519 7376
519 3795
519 2471
3389 6825
3389 5439
3389 9718
2097 840
4537 5403
3389 5163
6851 9778
519 3533
6851 5455
2097 5233
519 2529
3389 4634
3389 5038
9422 8509
519 8434
1239 3884
3389 3907
3389 9338
3389 4739
3389 2222
4537 550
3389 5525
519 4300
519 8541
3389 5731
7632 8010
1239 287
9422 2552
2097 7495
1239 3593
2097 3244
3389 3778
2097 3401
3389 3045
1239 8924
7632 6237
4537 3568
2097 732
519 5241
7632 3787
3389 2214
3389 7926
1239 1253
1239 5613
2097 6330
3389 4493
9422 5501
519 3258
2097 3874
519 8726
519 3317
3389 9660
5474 5348
4537 7554
519 311
4537 1515
2097 6588
3389 9591
3389 6423
3389 2598
2097 2774
4537 873
519 3783
3389 5776
519 1733
1239 2669
2097 7923
1239 4074
5474 6866
1239 1091
3389 3702
519 8252
2097 5169
9422 2175
1239 9353
519 8944
3389 3055
3389 439
3389 731
1239 8062
2097 8862
9422 1050
519 6696
519 3761
2097 3940
5474 7305
1239 1123
1239 8300
3389 2288
519 1719
2097 5068
6851 1515
3389 7213
519 6373
7632 5014
3389 8968
519 2467
3389 9657
2097 3687
519 6889
5474 9684
2097 5341
519 2646
2097 8378
1239 5389
3389 7311
3389 646
3389 2312
4537 103
3389 6854
519 4659
7632 4792
2097 2970
1239 1641
5474 7220
6851 8429
2097 839
1239 6785
9422 9858
3389 8769
3389 2200
3389 5379
3389 5302
3389 233
2097 5040
2097 7252
519 2257
3389 3838
1239 2770
2097 2719
5474 5333
519 7444
1239 6448
3389 2141
2097 1935
7632 2295
4537 6833
1239 2422
519 8905
3389 5662
3389 3884
2097 219
519 8057
519 5185
519 2675
519 9366
2097 19
7632 1933
3389 6118
1239 2214
2097 4492
7632 911
1239 3607
519 7973
2097 1653
4537 8786
519 5545
2097 3052
519 1238
519 9117
519 3391
3389 7578
3389 5544
2097 7306
5474 7786
519 3939
5474 508
519 4975
519 7847
1239 1640
3389 9550
6851 5439
519 4309
519 7614
519 5836
1239 1037
519 6902
519 8425
2097 1831
6851 5831
519 2003
519 3460
3389 1917
3389 858
3389 602
1239 4035
3389 8243
519 284
2097 3787
519 6013
3389 9147
519 2163
7632 3747
3389 923
1239 2786
519 5769
3389 5199
4537 6781
6851 8673
2097 3185
1239 4285
1239 7423
519 5934
2097 7829
1239 9719
2097 3755
1239 8993
6306 9489
3389 4268
3389 2985
4537 5890
2097 2225
2097 4160
2097 6493
1239 3676
519 6243
1239 4478
7632 5564
1239 7085
519 9495
519 6485
519 108
1239 3007
4537 4103
4537 6360
519 7211
1239 6677
3389 9147
3389 5817
519 2638
5474 7018
3389 3570
2097 9502
519 1716
7632 4635
6851 1947
3389 1368
3389 105
519 8771
4537 5886
3389 1517
5474 1515
2097 5685
3389 8356
2097 5949
3389 8226
3389 7811
3389 8117
519 8577
3389 300
519 6678
519 4575
3389 3171
3389 3244
7632 1396
519 7942
3389 8253
519 8868
7632 5888
5474 8885
9422 8455
519 7968
4537 9140
3389 2826
519 8578
3389 9852
2097 9304
6851 4719
519 4389
3389 5103
519 9950
1239 6574
2097 3944
3389 8112
2097 6735
519 4156
3389 634
7632 5621
519 19
1239 2311
2097 7795
2097 790
519 3663
519 8293
3389 7055
519 640
4537 889
3389 6994
6851 832
2097 3480
2097 18
3389 7897
1239 4409
519 4453
3389 5377
2097 9425
1239 90
6851 3507
1239 6170
3389 3253
1239 7373
2097 9189
1239 5052
1239 3675
7632 3139
1239 4390
2097 6369
2097 8087
519 2163
519 2379
7632 558
519 8373
3389 3658
519 7549
3389 8983
4537 2985
519 762
519 5067
5474 2944
3389 2515
1497 4132
6851 1469
2097 9345
3389 4934
3389 8938
3389 2201
3389 2599
6306 9657
519 4985
1239 5717
1239 6306
6851 3882
2097 742
3389 5683
3389 6654
4537 3359
519 4996
3389 6722
5474 61
519 6295
1239 7681
5474 5156
3389 1220
519 8530
7632 5461
519 3242
519 8263
519 7996
3389 8670
5474 247
3389 5763
3389 3883
6851 3292
519 2834
1239 269
2097 5969
1239 5021
3389 6792
3389 2410
519 3844
5474 1840
2097 8698
7632 1348
3389 9940
1239 2446
5474 5606
4537 1137
3389 7042
3389 8068
6306 1506
2097 1280
6306 4168
3389 1893
7632 7296
6306 8929
3389 119
519 3731
519 48
519 2094
3389 7342
2097 7615
9422 6851
4537 6777
3389 3373
4537 100
5474 6245
5474 611
3389 5777
2097 2455
1239 6962
6306 5276
2097 3222
1239 5514
2097 6415
2097 4996
519 5683
7632 5798
3389 3824
519 4925
5474 1864
519 7425
9422 644
519 4226
3389 6392
519 8648
3389 9474
1239 3915
519 2216
6851 8689
1239 5905
1239 841
2097 8974
2097 1555
7632 2193
519 1475
3389 2552
3389 3267
3389 9534
2097 3248
3389 3969
519 9892
7632 8261
1239 2924
3389 9586
3389 6157
5474 1152
3389 9663
519 9099
519 3401
3389 3097
2097 8512
1239 9298
3389 7942
3389 6762
519 8573
6306 6022
6306 254
7632 1490
3389 259
519 2333
3389 542
2097 857
2097 2700
2097 8132
3389 9589
2097 937
3389 8034
3389 142
519 7395
3389 3631
519 635
3389 1539
3389 2986
2097 1001
3389 5266
519 5641
1239 3197
3389 3056
519 3696
3389 7141
3389 8688
1239 3635
6306 3496
3389 1951
519 2828
519 4767
3389 1933
3389 5542
2097 1943
3389 2354
519 2927
1239 6332
519 9764
2097 5964
3389 8125
5474 3607
519 7242
4537 4895
3389 4921
2097 8580
6306 2050
1239 356
519 1992
5474 9137
7632 6721
519 7560
519 6171
9422 6780
2097 9101
3389 8135
1239 4856
3389 4824
519 2609
4537 1442
3389 7137
6306 6442
3389 1727
519 786
519 5785
519 7254
519 7137
1239 8581
3389 602
5474 80
4537 793
2097 1909
3389 623
7632 5746
2097 2479
3389 8167
6851 5477
2097 8804
3389 255
6851 4390
7632 9459
6851 8718
519 9815
1239 3233
3389 6227
1239 1981
2097 6049
2097 6170
1239 1667
2097 9460
519 9386
3389 3855
3389 6605
519 5456
1239 1497
519 4063
519 4833
2097 2301
1239 4191
519 3360
519 9034
6306 9065
3389 4364
1239 9934
1239 4776
7632 3668
1239 320
2097 9925
7183 1079
1239 588
3389 3383
3389 4868
1239 7209
3389 4125
1239 7029
3389 76
519 682
6851 1469
519 1448
4537 5840
519 6223
519 9783
3389 7322
3389 9462
2097 4748
2097 8319
519 9576
6306 5920
4537 7180
6851 3562
519 3687
3389 8635
3389 6691
3389 5902
1239 1234
7632 2907
519 5258
4537 1721
4537 5306
7632 272
6306 2692
1239 9205
519 6470
1239 8922
7632 2314
1239 475
4537 7291
519 5827
3389 4527
2097 6183
3389 9127
3389 732
1239 299
2097 5182
3389 7537
7632 6692
3389 381
2097 5312
3389 5045
2097 4522
3389 5340
5474 6360
7632 5120
3389 1898
1239 1597
4537 8097
3389 4749
6851 7086
5474 2780
519 712
2097 3649
4537 2845
3389 8778
3389 3403
3389 7072
519 7714
2097 7216
519 5867
1239 6963
3389 4350
3389 8002
6851 1747
6306 709
1497 5572
1239 1310
7632 5473
1239 4270
3389 8917
2097 9403
519 6803
519 225
1239 7126
2097 3292
3389 658
519 6017
7632 5564
519 8917
1239 5388
7541 6492
3389 5358
1239 9114
519 6003
2097 9986
519 9163
2097 2444
3389 8018
1239 2557
7632 2289
6306 9098
3389 992
3389 8131
3389 3983
2097 6745
2097 8233
519 2680
2097 4364
519 6580
3389 7167
519 8883
519 4434
3389 1817
519 6959
3389 8283
4537 5060
3389 3993
1239 8045
2097 6137
519 491
3389 1938
3389 5854
3389 5920
6851 3598
1239 7293
1239 4432
7632 5665
519 6800
2097 7826
2097 4802
3389 4884
519 4464
7632 7325
519 1210
519 1928
1239 937
7632 7308
1239 9716
6851 8232
7632 7325
3389 5750
1239 2692
5474 1829
2097 1560
3389 6514
6851 4930
1239 9372
3389 422
6306 2787
519 9463
3389 4221
7632 1334
3389 5013
3389 3346
1239 5905
3389 8843
3389 8430
1239 6515
6306 2856
3389 1570
1239 9648
7632 9278
2097 9060
1239 4295
1239 5445
4537 8158
519 1570
519 4109
6851 9596
7632 3339
2097 13
1239 5917
7632 3584
9422 77
5474 6014
519 6287
519 4741
9422 2307
1239 8093
6851 8045
519 6403
1239 8734
519 2471
2097 9004
519 745
519 6687
519 1851
519 1142
2097 4597
519 7926
1239 23
2097 6975
1239 287
5474 6633
1239 1828
2097 818
1239 1958
2097 6003
519 7347
519 5450
9422 4811
2097 1065
4537 9835
519 6431
3389 582
519 4479
3389 7119
2097 6907
1239 5341
7541 1079
2097 3058
2097 4976
6306 3267
519 8535
519 1177
2097 4773
3389 6010
1239 7103
3389 3649
3389 5410
1239 3831
3389 1918
5474 6338
5474 8309
3389 6384
3389 7277
3389 5102
1239 9176
2097 3878
3389 8936
3389 8515
3389 762
2097 8747
1239 7030
1239 9255
3389 7964
519 5067
6851 2843
3389 6800
3389 8494
3389 2129
1239 4659
3389 6671
7632 4844
519 3445
3389 7292
2097 1471
1239 4040
9422 2387
3389 1324
3389 7862
1239 8530
4537 4026
1239 5666
3389 9395
519 2327
2097 4901
3389 7379
3389 1074
3389 4554
6851 6250
2097 368
519 6067
5474 5694
519 5016
4537 9754
519 7935
1239 1253
6306 3982
2097 4748
3389 999
6851 7183
519 9983
4537 5528
2097 8233
3389 828
3389 1805
7632 3152
2097 2760
3389 6907
6306 9061
7632 381
519 1826
1239 6530
519 1974
3389 5485
2097 6502
1239 9729
3389 6540
7632 3695
1239 5208
6306 5504
3389 576
1239 5433
2097 547
519 3193
519 6664
7632 7570
2097 816
4537 6264
3389 5743
6306 5408
2097 8917
7632 5518
2097 9748
3389 6732
3389 1618
2097 4439
6306 2249
519 5556
6851 9947
3389 4676
3389 9389
3389 9087
9422 9958
6306 9569
1239 1958
519 7339
2097 4511
519 7094
2097 5255
2097 5838
9422 8452
1239 7856
7632 8246
3389 5436
519 5604
519 2040
519 7357
2097 4580
3389 8541
4537 7283
3389 3136
3389 5053
6851 1302
6306 8286
7632 6567
1239 7881
3389 6456
2097 1563
1239 1941
3389 4565
3389 280
1239 6653
1239 9534
3389 6208
1239 23
1239 6558
4537 5821
2097 6166
519 2470
3389 5512
2097 2416
4537 4777
3389 7146
519 5175
2097 1301
3389 9352
519 7881
2097 2942
5474 3972
7632 2404
519 9318
519 6265
5474 7081
519 5266
4537 537
3389 4115
3389 6107
3389 2039
3389 3394
6851 9115
3389 7309
3389 5548
5474 4886
1239 8926
5474 5851
7632 2889
3389 3615
519 5250
519 6177
4537 1699
1239 8353
2097 6780
1239 7482
1239 255
3389 1365
1239 7537
519 5882
2097 1713
2097 3279
519 1634
1239 35
9422 9858
3389 4705
2097 3674
4537 1188
1239 3706
3389 2805
6851 7918
1239 7336
1239 6793
3389 6722
3389 892
1239 1711
6851 7322
2097 6588
4537 3171
4537 5937
519 851
5474 2167
519 6117
1239 6911
1239 5867
6306 4389
519 4985
519 1705
519 4503
3389 4063
4537 9189
519 5873
1239 22
6851 2420
3389 9866
2097 4951
6306 1389
2097 2646
1239 7197
2097 304
1239 7451
7632 5397
2097 7406
519 4435
3389 2897
2097 9609
3389 793
6851 358
6851 4747
9422 1777
3389 3304
1239 3351
5474 3491
7632 7227
1239 5797
1239 9637
519 6057
3389 79
3389 3058
5474 646
2097 72
3389 8823
6306 7752
519 9286
3389 4295
3389 9736
519 8358
1239 8081
5474 3453
6306 5675
5474 737
519 7145
1239 7463
2097 3491
3389 7152
5474 6283
2097 4569
3389 1229
519 5854
6851 5753
1239 1400
1239 1885
3389 4022
519 7248
519 5827
3389 6866
519 7479
1239 5004
1239 7914
3389 8855
1239 1815
519 5326
6851 2748
6851 5908
519 910
519 9520
1239 4888
7632 1324
1239 8172
2097 8662
519 5085
3389 5913
519 2259
1239 5039
7632 5510
3389 4563
3389 1998
3389 2525
1239 8636
4537 6041
3389 7461
2097 1200
3389 4751
519 5153
2097 1193
2097 3267
2097 8437
4537 3261
519 4160
3389 2190
4537 137
519 1698
9422 4300
2097 1128
519 5041
2097 2650
3389 5827
3389 7810
3389 4852
6306 7029
519 7231
2097 1519
1239 5208
3389 962
519 6997
519 9025
519 6971
3389 8416
3389 3238
1239 3760
2097 2689
3389 4709
2097 2354
1239 7856
1239 2771
519 672
3389 6324
519 2819
519 41
2097 3125
6306 9318
6851 1328
3389 5682
4537 8902
3389 7057
3389 2454
1239 4349
1239 3741
5474 5671
3389 6143
4537 4861
3389 3788
519 8075
519 2063
1239 3171
519 4938
2097 1758
519 461
4537 4845
1239 5891
7541 7889
6851 1211
6851 1378
2097 2726
519 4715
2097 7511
9422 1047
3389 8708
3389 8590
3389 3564
519 8803
3389 3812
2097 592
3389 8801
9422 3183
519 494
519 3052
3389 6309
519 3031
519 9915
519 2504
1239 494
3389 2416
6306 3962
2097 6500
4537 2916
519 3844
519 8801
1239 6007
7632 6337
5474 9777
2097 4595
519 2830
1239 9277
4537 1056
3389 364
6306 5629
1239 9698
3389 8089
5474 7104
519 7968
2097 2982
5474 8667
5474 2096
519 3675
519 2696
3389 5340
3389 5004
2097 5376
3389 8068
4537 7283
6851 6636
9422 9498
519 1888
5474 3534
2097 7460
519 7697
1239 3972
519 507
2097 3611
1239 7556
519 1526
2097 3946
1239 4507
2097 7629
5474 4425
519 3366
519 3001
3389 20
1239 3805
6851 114
1239 8330
1239 8998
519 9473
2097 6188
519 4289
4537 6892
1239 8553
3389 8131
5474 7141
7632 8885
519 311
2097 6777
1239 346
1239 8172
5474 610
519 2521
3389 8415
6851 8906
3389 5680
3389 4595
2097 9900
519 7180
2097 6008
5474 4484
2097 4059
7632 2599
1239 742
2097 9297
2097 2582
3389 9672
3389 3492
1239 4705
519 7113
3389 3606
519 5774
3389 873
2097 7795
5474 9533
4537 6056
519 4738
3389 342
3389 5350
6851 8210
519 7199
1239 7029
1239 4595
5474 7007
3389 4895
519 8326
1239 5479
519 2197
2097 9781
1239 3453
3389 9041
519 7336
6851 1928
2097 7736
3389 1856
1239 7375
519 2440
4537 7188
2097 1764
9422 497
519 1533
519 6541
3389 8527
1239 828
519 6184
3389 592
1239 5350
6851 997
3389 1005
3389 6889
7632 9659
3389 2454
2097 9256
6851 9432
6306 2260
519 1687
519 632
1239 5098
2097 6457
1239 4168
1239 1530
519 1297
519 5747
1239 5272
5474 5246
4537 8134
3389 9992
2097 4310
2097 6115
6306 352
3389 7442
519 512
2097 6080
5474 4355
2097 2801
2097 5489
2097 8443
519 724
519 6903
519 7948
6851 4665
1239 1143
2097 1629
1239 3852
7541 6492
2097 444
5474 9693
5474 511
519 2440
4537 1299
1239 2022
519 1788
3389 4327
3389 7338
2097 9316
4537 8482
6851 8986
4537 2361
519 7949
3389 5761
3389 3697
519 9426
4537 9487
6306 1974
3389 3984
1239 6749
3389 9922
5474 5909
3389 3785
1239 2260
1239 7231
9893 7348
519 2989
519 2395
519 5340
6851 3195
1239 843
519 4818
3389 2545
1239 2567
3389 8526
519 6371
1239 5160
5474 5524
1239 5774
519 7924
3389 4011
519 6372
1239 5682
1239 167
1239 9760
2097 5271
519 1813
3389 2325
2097 3307
2097 2822
2097 1608
1239 6561
3389 6535
2097 90
4537 4817
519 6595
3389 7072
7632 7964
4537 2985
1239 781
1239 6609
3389 3519
2097 317
7541 970
3389 3574
519 8563
3389 3557
3389 7988
3389 5758
3389 2417
2097 8090
6306 8726
519 5909
519 109
6306 1721
1239 6455
519 4257
3389 7655
1239 8741
3389 5740
519 5122
5474 5328
2097 1439
519 8528
519 6434
1239 7379
3389 3559
3389 4630
3389 4613
3389 1402
5474 3916
4537 3541
2097 457
7632 3782
1239 3994
6851 4103
3389 2674
519 8965
6306 9332
519 7307
3389 4308
7632 5621
3389 3984
7632 6852
2097 8151
519 457
1239 6555
3389 9666
5474 8776
519 8700
1239 6562
3389 9629
3389 1573
2097 1806
3389 8526
5474 2721
519 283
7632 9489
1497 7692
3389 2460
3389 5104
1239 4133
1239 2319
3389 3929
519 7700
7632 1173
6306 991
2097 5611
9422 155
3389 7237
6851 8153
3389 4054
3389 1821
1239 3924
519 5965
3389 8500
519 5249
7632 7779
1239 891
1239 5158
1239 2374
7632 1781
2097 6304
3389 4877
3389 1803
519 8987
1239 7991
3389 5130
6851 1765
2097 5815
519 8149
519 6125
1239 6217
2097 8998
9422 4164
519 3078
2097 4232
519 4827
1239 2200
2097 8746
1239 6598
1239 9716
6306 1250
3389 9112
1239 6677
3389 1563
6306 5486
1239 3161
7632 8918
519 1518
2097 717
519 3471
519 2734
519 1188
1239 4490
3389 671
6306 5137
519 9903
3389 1600
3389 1348
3389 6860
7632 502
519 1039
3389 9703
3389 5388
3389 1094
2097 624
2097 6070
6306 4751
1239 5969
3389 8493
519 3008
3389 8983
3389 7941
5474 3619
2097 7714
519 7357
519 3984
519 6561
1239 4018
1239 9389
1239 4885
519 3284
3389 7459
1239 9338
2097 1652
2097 9868
1239 5411
5474 2524
1239 3968
7632 3847
7632 2965
519 9801
3389 5363
1239 2715
2097 3163
519 9027
3389 9497
3389 9999
3389 6597
519 6403
2097 4241
3389 613
7632 5252
519 3258
4537 8753
9422 5649
6306 260
3389 9543
3389 188
519 7188
5474 9267
3389 1670
3389 4253
2097 2719
2097 5878
2097 1430
3389 6210
2097 2381
1239 1952
2097 5076
3389 119
7632 7523
3389 7761
1239 2593
519 7207
4537 519
2097 7429
519 5521
3389 8978
6851 3593
519 9934
4537 6247
4537 3751
5474 1078
5474 5647
519 44
6851 6265
5474 2097
519 2808
519 8410
3389 2491
6306 2584
2097 4795
2097 9844
4537 8664
6306 7236
519 9375
6851 5900
3389 9837
4537 1941
2097 5380
1239 4022
519 8522
519 7281
2097 2179
3389 4327
9422 6830
519 471
519 2842
519 8721
1239 2777
519 2808
7632 4235
519 1475
2097 3068
3389 561
6851 9321
2097 7626
3389 3685
1239 3872
3389 1506
2097 259
3389 4414
1239 3776
5474 6746
519 5614
519 2969
2097 9676
7632 8056
3389 4980
1239 5570
5474 7305
7632 5996
7632 2935
519 5350
3389 2102
3389 4054
1239 8144
3389 688
5474 8623
519 6505
3389 5550
3389 6010
5474 8885
1239 8392
519 1641
1239 8945
5474 5152
1239 2479
2097 2992
2097 3897
519 4414
519 9774
2097 5944
3389 2940
3389 9073
3389 8172
3389 4789
5474 1634
3389 5977
3389 9514
3389 7984
1239 8702
4537 2817
519 8166
519 5857
519 4951
4537 1895
9422 9309
3389 2895
519 1318
3389 5225
519 7714
3389 7585
519 7129
3389 5662
3389 8829
2097 5911
3389 8323
3389 4772
7632 4361
4537 9011
1239 7126
2097 1234
5474 773
3389 7940
6851 1711
6306 3847
1239 2692
2097 6069
3389 4926
2097 2141
1239 3387
3389 1179
3389 8515
3389 6023
519 4520
3389 6286
5474 1640
519 9766
1239 563
519 5416
3389 1505
3389 4191
2097 1639
2097 1744
1239 9248
6851 2954
519 7526
519 5345
2097 19
2097 5728
2097 4382
3389 9680
5474 7827
519 4888
6851 8977
7632 1366
519 5217
6306 5144
2097 4038
3389 5439
3389 4820
4537 4423
7632 3654
1239 7103
1239 8865
3389 5455
6851 3607
4537 43
519 5448
5474 1999
519 8808
519 3606
519 9075
1239 7194
5474 6049
7632 9768
1239 2947
4537 6114
519 5184
9422 7289
5474 5693
9422 3549
5474 2898
1239 6768
1239 3940
1239 7923
519 5200
519 1742
7632 1501
2097 8844
519 8591
6851 4906
3389 7359
1239 743
3389 4160
3389 1308
6306 9039
519 988
519 3514
3389 4860
1239 8657
1239 843
5474 8829
3389 4433
519 6709
3389 8149
6306 3075
4537 1300
3389 2525
519 194
3389 6008
2097 2101
1239 5334
3389 2131
2097 2655
2097 9402
519 3835
3389 1225
3389 8731
1239 7471
519 4478
3389 2625
1239 1482
519 9578
3389 4804
519 4623
3389 8299
3389 3115
7632 9736
4537 7406
3389 6415
1239 5971
6306 5758
2097 9385
3389 7544
2097 8246
519 9747
5474 4745
3389 3303
1239 7914
1239 6216
3389 734
519 6485
519 9368
1239 4160
1239 1472
519 9019
3389 8605
3389 3369
6851 9894
2097 6955
3389 7629
1239 4235
5474 3616
3389 9494
1239 9799
3389 6477
5474 5789
1239 1286
3389 2309
3389 8751
519 1694
3389 2703
519 5692
3389 4264
1239 2791
3389 1945
519 9781
5474 8829
6851 9180
2097 9573
5474 2519
1239 8419
1239 8318
1239 9890
519 7734
519 5929
3389 7810
2097 7148
9422 3641
3389 8418
4537 2420
3389 5357
3389 5888
4537 2679
519 3599
1239 320
4537 606
1239 4256
3389 6564
5474 5457
519 1573
3389 1563
3389 9723
1239 4176
519 5882
3389 4173
519 3761
2097 9234
2097 7477
3389 3388
519 3100
3389 486
3389 6244
2097 8919
1239 6096
3389 5403
519 7948
9422 4215
3389 9356
9893 8834
3389 4277
519 4919
3389 8322
519 6906
519 5044
7632 1502
519 3080
1239 2692
1239 9093
3389 6893
6851 5276
519 6332
6306 4921
519 3932
6851 5769
5474 2940
519 9002
519 6966
6306 7891
519 5253
3389 4707
2097 1402
3389 7554
1239 3007
6851 8310
1239 3773
519 4349
3389 4238
519 8658
1239 5411
6306 9065
3389 5512
2097 812
1239 87
519 5574
3389 8090
2097 276
3389 6320
519 3136
3389 4834
1239 6612
2097 3360
3389 4860
7632 2038
1239 3376
6306 6931
3389 580
519 444
7632 4426
519 1941
3389 5404
1239 8599
519 1265
3389 2963
1239 7311
2097 8590
519 6295
2097 1366
3389 4859
3389 7153
3389 5673
7632 8739
2097 3855
519 1342
3389 2287
519 8098
519 5483
519 4565
1239 9559
519 4865
3389 5677
1239 3560
1239 473
3389 9698
519 4938
3389 2509
519 6623
1239 6215
3389 7223
6851 7959
3389 5550
3389 8687
519 9133
4537 4999
3389 4128
1239 4308
1239 1285
3389 8613
1239 4195
4537 9395
3389 4099
519 9086
519 7257
519 7329
2097 5053
1239 9033
4537 4720
3389 61
6851 7185
3389 6826
3389 2037
5474 6992
4537 2161
519 2058
3389 3499
1239 6519
519 8138
4537 6009
519 3109
2097 9405
2097 7953
3389 2943
519 3265
3389 8744
2097 3307
6851 2330
3389 3392
9422 8377
9422 276
5474 3434
1239 4321
3389 96
3389 2193
7632 7163
3389 8933
519 3246
519 1038
4537 1526
519 6688
7632 3158
7632 4635
1239 1974
519 7543
519 6710
2097 7695
1239 6504
519 2765
1239 9539
519 3086
1239 8565
1239 9846
519 1342
1239 9559
519 3015
1239 3149
3389 277
3389 1421
519 6076
519 8606
519 7987
519 7353
2097 4355
519 5109
5474 2342
3389 5143
1239 2926
3389 1744
7632 1383
3389 4727
1239 4226
3389 3552
3389 2938
3389 6392
3389 1177
1239 4115
1239 5290
1239 6880
7632 3847
3389 3732
4537 5060
5474 7841
6851 963
2097 5055
6851 8126
3389 9629
4537 7849
519 7869
1239 2937
519 7049
3389 4549
519 8617
3389 4865
3389 1019
1239 6234
6851 4986
1239 7662
3389 7030
2097 1392
519 3345
2097 8436
9422 451
3389 4730
2097 3527
1239 994
9422 8280
6306 8210
6851 4676
519 9747
4537 3960
1239 617
3389 738
5474 3888
3389 8809
519 9990
519 9850
3389 7654
1239 8431
519 3770
7632 9120
7632 6464
3389 9038
1239 7752
3389 1132
519 4826
519 6902
519 5848
2097 2361
3389 3629
3389 9154
2097 1519
4537 8439
3389 2325
6306 260
5474 4629
2097 7976
3389 3894
519 3948
519 3272
7632 8670
5474 7291
2097 6429
3389 9844
3389 1209
2097 827
7632 1109
519 7069
