1 200
1 198
1 181
1 179
1 195
1 179
1 119
1 156
1 125
1 191
1 184
1 177
1 135
1 132
1 185
1 147
1 146
1 200
1 190
1 116
1 194
1 108
1 182
1 123
1 187
1 106
1 117
1 154
1 151
1 167
1 200
1 154
1 169
1 134
1 126
1 110
1 141
1 121
1 185
1 139
1 147
1 182
1 126
1 195
1 102
1 191
1 145
1 122
1 182
1 133
1 143
1 130
1 108
1 200
1 147
1 135
1 151
1 133
1 108
1 164
1 186
1 144
1 155
1 128
1 200
1 182
1 180
1 182
1 200
1 181
1 120
1 164
1 149
1 134
1 186
1 183
1 132
1 117
1 194
1 107
1 188
1 180
1 193
1 183
1 165
1 185
1 200
1 111
1 147
1 172
1 145
1 188
1 171
1 126
1 197
1 125
1 155
1 116
1 144
1 190
1 157
1 122
1 169
1 136
1 149
1 134
1 131
1 130
1 178
1 176
1 125
1 179
1 164
1 171
1 199
1 133
1 181
1 119
1 103
1 199
1 198
1 154
1 145
1 146
1 183
1 200
1 200
1 115
1 141
1 139
1 176
1 115
1 144
1 126
1 116
1 117
1 182
1 158
1 193
1 115
1 122
1 144
1 171
1 142
1 115
1 200
1 110
1 128
1 170
1 188
1 183
1 200
1 157
1 189
1 120
1 161
1 144
1 111
1 106
1 106
1 125
1 200
1 107
1 125
1 142
1 103
1 166
1 149
1 119
1 200
1 198
1 110
1 145
1 107
1 176
1 169
1 162
1 200
1 149
1 169
1 113
1 152
1 164
1 139
1 194
1 136
1 147
1 119
1 121
1 193
1 155
1 102
1 200
1 113
1 182
1 138
1 153
1 200
1 128
1 200
1 200
1 165
1 122
1 120
1 172
1 190
1 187
1 200
1 116
1 121
1 165
1 200
1 167
1 103
1 138
1 200
1 200
1 120
1 132
1 125
1 144
1 152
1 168
1 141
1 149
1 106
1 193
1 158
1 146
1 193
1 186
1 192
1 131
1 166
1 178
1 200
1 127
1 150
1 125
1 156
1 188
1 191
1 110
1 155
1 123
1 111
1 161
1 155
1 104
1 146
1 195
1 181
1 104
1 182
1 200
1 178
1 138
1 103
1 190
1 168
1 116
1 199
1 154
1 145
1 200
1 176
1 191
1 106
1 106
1 200
1 150
1 133
1 133
1 168
1 117
1 200
1 111
1 163
1 155
1 194
1 173
1 116
1 119
1 100
1 194
1 200
1 200
1 168
1 108
1 170
1 178
1 141
1 182
1 187
1 147
1 133
1 167
1 116
1 200
1 152
1 200
1 200
1 130
1 195
1 179
1 190
1 191
1 166
1 126
1 122
1 194
1 153
1 133
1 176
1 176
1 151
1 101
1 163
1 195
1 191
1 154
1 104
1 176
1 200
1 146
1 136
1 144
1 143
1 107
1 120
1 152
1 176
1 165
1 130
1 165
1 197
1 146
1 167
1 200
1 152
1 156
1 166
1 179
1 199
1 121
1 192
1 200
1 187
1 113
1 200
1 174
1 133
1 117
1 170
1 101
1 123
1 132
1 122
1 111
1 158
1 172
1 200
1 190
1 177
1 187
1 163
1 200
1 161
1 136
1 135
1 197
1 154
1 174
1 180
1 122
1 127
1 123
1 101
1 145
1 200
1 110
1 117
1 165
1 101
1 163
1 133
1 111
1 143
1 176
1 197
1 126
1 187
1 174
1 197
1 200
1 157
1 158
1 110
1 172
1 191
1 133
1 130
1 128
1 200
1 134
1 158
1 117
1 158
1 192
1 107
1 116
1 190
1 115
1 143
1 200
1 193
1 200
1 144
1 138
1 116
1 108
1 160
1 160
1 179
1 108
1 170
1 117
1 188
1 161
1 108
1 104
1 103
1 193
1 135
1 200
1 182
1 142
1 172
1 156
1 139
1 174
1 194
1 200
1 200
1 200
1 191
1 200
1 128
1 123
1 185
1 119
1 194
1 197
1 147
1 132
1 102
1 200
1 200
1 144
1 191
1 130
1 103
1 157
1 168
1 131
1 119
1 185
1 172
1 130
1 200
1 131
1 121
1 169
1 197
1 200
1 200
1 119
1 171
1 157
1 165
1 106
1 172
1 200
1 151
1 194
1 153
1 151
1 180
1 149
1 183
1 136
1 194
1 200
1 144
1 113
1 189
1 184
1 131
1 192
1 157
1 160
1 181
1 111
1 150
1 142
1 149
1 128
1 174
1 142
1 103
1 143
1 122
1 158
1 156
1 194
1 156
1 189
1 115
1 170
1 121
1 197
1 121
1 179
1 189
1 100
1 172
1 126
1 200
1 133
1 107
1 151
1 166
1 179
1 127
1 200
1 146
1 131
1 116
1 146
1 104
1 200
1 156
1 125
1 176
1 163
1 115
1 179
1 108
1 156
1 101
1 182
1 163
1 102
1 192
1 155
1 103
1 150
1 169
1 200
1 130
1 197
1 143
1 104
1 170
1 110
1 188
1 136
1 187
1 167
1 187
1 166
1 151
1 200
1 193
1 122
1 160
1 163
1 113
1 170
1 110
1 100
1 156
1 172
1 172
1 182
1 108
1 133
1 147
1 187
1 108
1 150
1 166
1 198
1 119
1 116
1 160
1 167
1 173
1 131
1 186
1 110
1 107
1 160
1 181
1 171
1 136
1 200
1 200
1 142
1 111
1 142
1 200
1 194
1 107
1 120
1 195
1 115
1 110
1 152
1 157
1 117
1 200
1 200
1 200
1 141
1 147
1 144
1 156
1 200
1 200
1 200
1 191
1 136
1 200
1 144
1 200
1 155
1 127
1 117
1 108
1 144
1 101
1 166
1 200
1 155
1 200
1 138
1 174
1 160
1 127
1 200
1 116
1 179
1 110
1 188
1 139
1 171
1 150
1 140
1 151
1 162
1 181
1 160
1 200
1 152
1 193
1 167
1 176
1 120
1 147
1 182
1 167
1 154
1 200
1 168
1 101
1 200
1 200
1 150
1 154
1 100
1 121
1 150
1 174
1 200
1 131
1 200
1 149
1 178
1 117
1 119
1 197
1 120
1 106
1 156
1 180
1 156
1 133
1 194
1 126
1 146
1 115
1 150
1 168
1 164
1 183
1 115
1 132
1 155
1 189
1 106
1 166
1 147
1 117
1 153
1 199
1 106
1 177
1 150
1 102
1 123
1 182
1 174
1 185
1 123
1 178
1 123
1 163
1 127
1 108
1 198
1 138
1 172
1 164
1 184
1 189
1 200
1 169
1 187
1 131
1 115
1 173
1 142
1 165
1 176
1 120
1 128
1 192
1 146
1 178
1 127
1 170
1 200
1 142
1 199
1 142
1 110
1 177
1 200
1 123
1 138
1 200
1 200
1 200
1 200
1 165
1 179
1 180
1 200
1 126
1 200
1 198
1 200
1 156
1 177
1 200
1 166
1 168
1 121
1 166
1 162
1 186
1 193
1 184
1 186
1 116
1 155
1 151
1 200
1 188
1 170
1 183
1 188
1 123
1 135
1 200
1 156
1 187
1 154
1 125
1 174
1 188
1 156
1 200
1 179
1 102
1 106
1 143
1 106
1 139
1 200
1 163
1 108
1 101
1 200
1 149
1 103
1 106
1 126
1 181
1 130
1 156
1 188
1 200
1 172
1 180
1 119
1 157
1 128
1 106
1 126
1 157
1 198
1 191
1 107
1 200
1 152
1 184
1 197
1 186
1 157
1 135
1 120
1 174
1 165
1 170
1 127
1 200
1 150
1 122
1 134
1 111
1 194
1 170
1 156
1 200
1 169
1 144
1 168
1 200
1 166
1 130
1 126
1 181
1 169
1 107
1 142
1 147
1 167
1 152
1 172
1 169
1 173
1 116
1 157
1 127
1 195
1 168
1 173
1 125
1 170
1 200
1 191
1 152
1 120
1 102
1 160
1 200
1 179
1 190
1 186
1 197
1 141
1 111
1 106
1 140
1 113
1 158
1 113
1 169
1 172
1 149
1 131
1 177
1 200
1 180
1 111
1 150
1 166
1 194
1 132
1 144
1 200
1 200
1 161
1 165
1 147
1 200
1 142
1 174
1 150
1 140
1 180
1 138
1 200
1 108
1 200
1 126
1 150
1 164
1 184
1 182
1 111
1 180
1 177
1 116
1 108
1 192
1 127
1 186
1 195
1 193
1 133
1 131
1 132
1 200
1 131
1 108
1 195
1 186
1 131
1 101
1 186
1 181
1 176
1 119
1 145
1 146
1 164
1 126
1 200
1 134
1 183
1 113
1 153
1 195
1 186
1 192
1 186
1 155
1 189
1 151
1 169
1 177
1 161
1 193
1 190
1 193
1 193
1 156
1 147
1 149
1 126
1 145
1 198
1 192
1 172
1 188
1 153
1 171
1 176
1 195
1 994
1 994
1 994
1 994
1 994
1 994
1 994
1 994
1 994
1 994
1 994
1 994
1 994
1 994
1 994
1 994
1 994
1 994
1 994
1 994
1 994
1 994
1 994
1 994
1 994
1 994
1 994
1 994
1 994
1 994
1 994
1 994
1 994
1 994
1 994
1 994
1 994
1 994
1 994
1 994
1 994
1 994
1 994
1 994
1 994
1 994
1 994
1 994
1 994
1 994
1 994
1 994
1 994
1 994
1 994
1 994
1 994
1 994
1 994
1 994
1 994
1 994
1 994
1 994
1 994
1 994
1 994
1 994
1 994
1 994
1 994
1 994
1 994
1 994
1 994
1 994
1 994
1 994
1 994
1 994
1 994
1 994
1 994
1 994
1 994
1 994
1 994
1 994
1 994
1 994
1 994
1 994
1 994
1 994
1 994
1 994
1 994
1 994
1 994
1 994
1 994
1 994
1 994
1 994
1 994
1 994
1 994
1 994
1 994
1 994
1 994
1 994
1 994
1 994
1 994
1 994
1 994
1 994
1 994
1 994
1 994
1 994
1 994
1 994
1 994
1 994
1 994
1 994
1 994
1 994
1 994
1 994
1 994
1 994
1 994
1 994
1 994
1 994
1 994
1 994
1 994
1 994
1 994
1 994
1 994
1 994
1 994
1 994
1 994
1 994
1 994
1 994
1 994
1 994
1 994
1 994
1 994
1 994
1 994
1 994
1 994
1 994
1 994
1 994
1 994
1 994
1 994
1 994
1 994
1 994
1 994
1 994
1 994
1 994
1 994
1 994
1 994
1 994
1 994
1 994
1 994
1 994
1 994
1 994
1 994
1 994
1 994
1 994
1 994
1 994
1 994
1 994
1 994
1 994
1 994
1 994
1 994
1 994
1 994
1 994
1 994
1 994
1 994
1 994
1 994
1 994
1 994
1 994
1 994
1 994
1 994
1 994
1 994
1 994
1 994
1 994
1 994
1 994
1 994
1 994
1 994
1 994
1 994
1 994
1 994
1 994
1 994
1 994
1 994
1 994
1 994
1 994
1 994
1 994
1 994
1 994
1 994
1 994
1 994
1 994
1 994
1 994
1 994
1 994
1 994
1 994
1 994
1 994
1 994
1 994
1 994
1 994
1 994
1 994
1 994
1 994
1 994
1 994
1 994
1 994
1 994
1 994
1 994
1 994
1 994
1 994
1 994
1 994
1 994
1 994
1 994
1 994
1 994
1 994
1 994
1 994
1 994
1 994
1 994
1 994
1 994
1 994
1 994
1 994
1 994
1 994
1 994
1 994
1 994
1 994
1 994
1 994
1 994
1 994
1 994
1 994
1 994
1 994
1 994
1 994
1 994
1 994
1 994
1 994
1 994
1 994
1 994
1 994
1 994
1 994
1 994
1 994
1 994
1 994
1 994
1 994
1 994
1 994
1 994
1 994
1 994
1 994
1 994
1 994
1 994
1 994
1 994
1 994
1 994
1 994
1 994
1 994
1 994
1 994
1 994
1 994
1 994
1 994
1 994
1 994
1 994
1 994
1 994
1 994
1 994
1 994
1 994
1 994
1 994
1 994
1 994
1 994
1 994
1 994
1 994
1 994
1 994
1 994
1 994
1 994
1 994
1 994
1 994
1 994
1 994
1 994
1 994
1 994
1 994
1 994
1 994
1 994
1 994
1 994
1 994
1 994
1 994
1 994
1 994
1 994
1 994
1 994
1 994
1 994
1 994
1 994
1 994
1 994
1 994
1 994
1 994
1 994
1 994
1 994
1 994
1 994
1 994
1 994
1 994
1 994
1 994
1 994
1 994
1 994
1 994
1 994
1 994
1 994
1 994
1 994
1 994
1 994
1 994
1 994
1 994
1 994
1 994
1 994
1 994
1 994
1 994
1 994
1 994
1 994
1 994
1 994
1 994
1 994
1 994
1 994
1 994
1 994
1 994
1 994
1 994
1 994
1 994
1 994
1 994
1 994
1 994
1 994
1 994
1 994
1 994
1 994
1 994
1 994
1 994
1 994
1 994
1 994
1 994
1 994
1 994
1 994
1 994
1 994
1 994
1 994
1 994
1 994
1 994
1 994
1 994
1 994
1 994
1 994
1 994
1 994
1 994
1 994
1 994
1 994
1 994
1 994
1 994
1 994
1 994
1 994
1 994
1 994
1 994
1 994
1 994
1 994
1 994
1 994
1 994
1 994
1 994
1 994
1 994
1 994
1 994
1 994
1 994
1 994
1 994
1 994
1 994
1 994
1 994
1 994
1 994
1 994
1 994
1 994
1 994
1 994
1 994
1 994
1 994
1 994
1 994
1 994
1 994
1 994
1 994
1 994
1 994
1 994
1 994
1 994
1 994
1 994
1 994
1 994
1 994
1 994
1 994
1 994
1 994
1 994
1 994
1 994
1 994
1 994
1 994
1 994
1 994
1 994
1 994
1 994
1 994
1 994
1 994
1 994
1 994
1 994
1 994
1 994
1 994
1 994
1 994
1 994
1 994
1 994
1 994
1 994
1 994
1 994
1 994
1 994
1 994
1 994
1 994
1 994
1 994
1 994
1 994
1 994
1 994
1 994
1 994
1 994
1 994
1 994
1 994
1 994
1 994
1 994
1 994
1 994
1 994
1 994
1 994
1 994
1 994
1 994
1 994
1 994
1 994
1 994
1 994
1 994
1 994
1 994
1 994
1 994
1 994
1 994
1 994
1 994
1 994
1 994
1 994
1 994
1 994
1 994
1 994
1 994
1 994
1 994
1 994
1 994
1 994
1 994
1 994
1 994
1 994
1 994
1 994
1 994
1 994
1 994
1 994
1 994
1 994
1 994
1 994
1 994
1 994
1 994
1 994
1 994
1 994
1 994
1 994
1 994
1 994
1 994
1 994
1 994
1 994
1 994
1 994
1 994
1 994
1 994
1 994
1 994
1 994
1 994
1 994
1 994
1 994
1 994
1 994
1 994
1 994
1 994
1 994
1 994
1 994
1 994
1 994
1 994
1 994
1 994
1 994
1 994
1 994
1 994
1 994
1 994
1 994
1 994
1 994
1 994
1 994
1 994
1 994
1 994
1 994
1 994
1 994
1 994
1 994
1 994
1 994
1 994
1 994
1 994
1 994
1 994
1 994
1 994
1 994
1 994
1 994
1 994
1 994
1 994
1 994
1 994
1 994
1 994
1 994
1 994
1 994
1 994
1 994
1 994
1 994
1 994
1 994
1 994
1 994
1 994
1 994
1 994
1 994
1 994
1 994
1 994
1 994
1 994
1 994
1 994
1 994
1 994
1 994
1 994
1 994
1 994
1 994
1 994
1 994
1 994
1 994
1 994
1 994
1 994
1 994
1 994
1 994
1 994
1 994
1 994
1 994
1 994
1 994
1 994
1 994
1 994
1 994
1 994
1 994
1 994
1 994
1 994
1 994
1 994
1 994
1 994
1 994
1 994
1 994
1 994
1 994
1 994
1 994
1 994
1 994
1 994
1 994
1 994
1 994
1 994
1 994
1 994
1 994
1 994
1 994
1 994
1 994
1 994
1 994
1 994
1 994
1 994
1 994
1 994
1 994
1 994
1 994
1 994
1 994
1 994
1 994
1 994
1 994
1 994
1 994
1 994
1 994
1 994
1 994
1 994
1 994
1 994
1 994
1 994
1 994
1 994
1 994
1 994
1 994
1 994
1 994
1 994
1 994
1 994
1 994
1 994
1 994
1 994
1 994
1 994
1 994
1 994
1 994
1 994
1 994
1 994
1 994
1 994
1 994
1 994
1 994
1 994
1 994
1 994
1 994
1 994
1 994
1 994
1 994
1 994
1 994
1 994
1 994
1 994
1 994
1 994
1 994
1 994
1 994
1 994
1 994
1 994
1 994
1 994
1 994
1 994
1 994
1 994
1 994
1 994
1 994
1 994
1 994
1 994
1 994
1 994
1 994
1 994
1 994
1 994
1 994
1 994
1 994
1 994
1 994
1 994
1 994
1 994
1 994
1 994
1 994
1 994
1 994
1 994
1 994
1 994
1 994
1 994
1 994
1 994
1 994
1 994
1 994
1 994
1 994
1 994
1 994
1 994
1 994
1 994
1 994
1 994
1 994
1 994
1 994
1 994
1 994
1 994
1 994
1 994
1 994
1 994
1 994
1 994
1 994
1 994
1 994
1 994
1 994
1 994
1 994
1 994
1 994
1 994
1 994
1 994
1 994
1 994
1 994
1 994
1 994
1 994
1 994
1 994
1 994
1 994
1 994
1 994
1 994
1 994
1 994
1 994
1 994
1 994
1 994
1 994
1 994
1 994
1 994
1 994
1 994
1 994
1 994
1 994
1 994
1 994
1 994
1 994
1 994
1 994
1 994
1 994
1 994
1 994
1 994
1 994
1 994
1 994
1 994
1 994
1 994
1 994
1 994
1 994
1 994
1 994
1 994
1 994
1 994
1 994
1 994
1 994
1 994
1 994
1 994
1 994
